0.0010724
0.001072
0.00102768
0.00102608
0.00102843
0.00102849
0.00102843
0.00102768
0.00107215
0.00102701
0.00102627
0.00102652
0.00106713
0.00102888
0.00107324
0.00102723
0.00102823
0.00102616
0.00102653
0.00102799
0.00106871
0.00120436
0.00125236
0.00117534
0.00106162
0.00120946
0.00103936
0.00116266
0.00165818
0.0011836
0.00110304
0.00108671
0.00127901
0.00144885
0.00102936
0.0010288
0.00103229
0.00108431
0.00102885
0.0010715
0.00106913
0.00102695
0.00102985
0.00103158
0.00107656
0.00107688
0.00103281
0.00102955
0.00107069
0.00108507
0.00109082
0.00104481
0.00113134
0.00102697
0.00102575
0.00102622
0.00107084
0.00104443
0.00109334
0.00105169
0.00104845
0.00104826
0.0010495
0.00105361
0.00105046
0.00109583
0.00104945
0.00105158
0.00104967
0.00105301
0.00105214
0.00105296
0.00109347
0.00104886
0.00104993
0.00104922
0.00105097
0.00105217
0.00109637
0.00105017
0.00104845
0.00104812
0.00105367
0.00105113
0.00105078
0.00109461
0.00105039
0.00104797
0.00104882
0.00104962
0.00105276
0.00109295
0.00104929
0.00105003
0.0010485
0.00105027
0.00105399
0.00105458
0.00109457
0.00104932
0.00104833
0.00105157
0.00105262
0.00105101
0.00109546
0.00105273
0.00105001
0.00104922
0.00105077
0.00105533
0.00104966
0.00109274
0.00105198
0.0010489
0.00104767
0.00105074
0.00105205
0.00105031
0.00109283
0.00104856
0.00105092
0.00104952
0.00105054
0.00104998
0.00109553
0.00104921
0.00104767
0.00105052
0.00105141
0.001051
0.00104976
0.00109486
0.00104921
0.00104778
0.0010483
0.00105268
0.00105043
0.00109239
0.00104925
0.00105017
0.00104871
0.00105032
0.00105033
0.00105317
0.00109521
0.0010501
0.00105052
0.00104888
0.00105121
0.00105097
0.00109435
0.0010498
0.00104805
0.00102617
0.00105824
0.00102904
0.00102788
0.00106991
0.00102881
0.00102611
0.00102544
0.00102756
0.0010299
0.00102884
0.00107332
0.0010267
0.00102835
0.0010266
0.00102885
0.00103002
0.00107066
0.00102686
0.00102617
0.00102939
0.00102842
0.00102868
0.00102854
0.00111059
0.00102785
0.00102583
0.00102607
0.00110328
0.00103003
0.00102979
0.0010742
0.00102971
0.00102596
0.00102706
0.00102791
0.00102962
0.00107062
0.0010265
0.00102746
0.00102647
0.00102833
0.0010283
0.00103047
0.00107014
0.00103035
0.00133453
0.00108498
0.0010376
0.00103322
0.00102973
0.00147362
0.00102985
0.00102665
0.00107876
0.00103003
0.00102728
0.00107302
0.00102878
0.00102647
0.00102682
0.00102835
0.00103001
0.00102683
0.00107224
0.00102674
0.00106187
0.0010321
0.00103452
0.00103233
0.0010944
0.00112869
0.00105603
0.00120309
0.00110096
0.00105426
0.00109103
0.00107135
0.00102626
0.00102603
0.00102714
0.0010772
0.00102985
0.00107326
0.00102879
0.00107633
0.00102625
0.00102915
0.00112257
0.0010287
0.00107092
0.00102659
0.00102768
0.00102692
0.00102862
0.00102673
0.00107428
0.00102712
0.00102578
0.00102591
0.00103059
0.00109725
0.00114886
0.00114973
0.0010409
0.00102874
0.00102888
0.00107827
0.00103466
0.00107522
0.00102767
0.00107001
0.00102725
0.0010277
0.00102891
0.00107577
0.00107658
0.00102941
0.00102617
0.00106659
0.00103018
0.0010302
0.0010276
0.00110886
0.00102686
0.00102593
0.00109428
0.00103026
0.00102896
0.0010699
0.00107539
0.00102659
0.00102662
0.00102763
0.00107039
0.00103357
0.00107818
0.00102931
0.00102872
0.00102573
0.00102837
0.00102953
0.00106693
0.00107236
0.00102751
0.00102716
0.00108793
0.00105666
0.00106316
0.00117264
0.00119509
0.00103204
0.00106771
0.0010734
0.0010379
0.00103053
0.00112715
0.0015548
0.00111652
0.00105016
0.00107904
0.0010292
0.00107354
0.00102675
0.00106588
0.00102674
0.00102914
0.00102953
0.00110805
0.00102691
0.00102699
0.0010284
0.00102919
0.0010286
0.00102934
0.00107094
0.00102785
0.00102552
0.00110108
0.00106911
0.00102925
0.00102755
0.00107325
0.00102911
0.00102547
0.00102655
0.0010288
0.00103089
0.00107022
0.00102863
0.0010276
0.00102924
0.00102823
0.0010282
0.00102928
0.00106975
0.00102617
0.00102547
0.00103098
0.00103112
0.00102975
0.00102751
0.00107387
0.00102659
0.00102602
0.0010259
0.00103032
0.00102852
0.00107137
0.00102721
0.00102787
0.00102719
0.00102966
0.00102992
0.00103067
0.00106983
0.00102696
0.00102594
0.00102895
0.00102843
0.0010288
0.00105674
0.00108656
0.00102669
0.00102572
0.0010287
0.00102928
0.00102824
0.00107062
0.00102894
0.00102593
0.00102532
0.00102662
0.00102927
0.0010276
0.00106828
0.00102674
0.00102859
0.00102657
0.00102788
0.00102861
0.00106955
0.00107111
0.00102635
0.00102574
0.00102817
0.00102798
0.00102895
0.0010292
0.00107272
0.00102972
0.00102915
0.00106347
0.00103104
0.00102864
0.00107114
0.00105971
0.0010267
0.00102621
0.00102986
0.00103526
0.00103272
0.00107507
0.0010273
0.00102888
0.00102632
0.0010612
0.00102889
0.00102916
0.0010708
0.00102655
0.00102549
0.00102937
0.0010282
0.00102724
0.00107183
0.00102757
0.001026
0.00102588
0.00102888
0.0010283
0.00102757
0.00107176
0.00103006
0.0010269
0.00102611
0.00102813
0.00103059
0.00102795
0.00107073
0.00102635
0.00102784
0.00102642
0.00102831
0.00102886
0.00111243
0.00102831
0.00102635
0.00102702
0.00107288
0.00102954
0.00102816
0.00111967
0.00102789
0.00102644
0.00102651
0.00103086
0.00102841
0.00102669
0.00107051
0.00103013
0.00102711
0.00102639
0.00102826
0.0010307
0.00107046
0.00102712
0.00102619
0.00102751
0.00102602
0.00102727
0.00102713
0.0011132
0.00102678
0.00102567
0.00102599
0.00106931
0.00103401
0.00104281
0.00112579
0.00103389
0.00102871
0.00103337
0.0011465
0.00103875
0.00107546
0.00102854
0.00106985
0.0010267
0.00103046
0.00103035
0.00103189
0.00107037
0.00102655
0.00102604
0.00102841
0.00103052
0.00102945
0.00102886
0.00106964
0.00102661
0.00102637
0.00102895
0.00102938
0.00102758
0.00107201
0.00102917
0.00102619
0.00102607
0.00102657
0.00103119
0.00102698
0.00107021
0.00102682
0.00102805
0.00102568
0.00102886
0.00102815
0.00102947
0.00107066
0.00102698
0.00102754
0.00102954
0.00102901
0.00102789
0.00102979
0.00107327
0.00102666
0.00102578
0.00102891
0.0010292
0.00102827
0.00107039
0.00102942
0.00102605
0.00102598
0.00102673
0.00103004
0.00102758
0.00106926
0.0010269
0.00102756
0.00102571
0.0010271
0.00102721
0.00102874
0.00107211
0.00102647
0.00102603
0.00102838
0.00102862
0.00102726
0.00106986
0.00102897
0.00102625
0.00102612
0.0010289
0.00103023
0.00102816
0.00107057
0.00106828
0.00102674
0.00102581
0.00102841
0.00103116
0.00102876
0.00107284
0.0010266
0.00102937
0.00102647
0.0010293
0.00104627
0.0011545
0.00106024
0.00119799
0.00108055
0.00103502
0.00103077
0.0010284
0.00117421
0.00149948
0.00103037
0.00102991
0.00107426
0.00102887
0.00107101
0.00102911
0.00102642
0.00102589
0.00102776
0.00103124
0.00103493
0.00107938
0.00103113
0.00102914
0.001027
0.00103002
0.00102877
0.00107499
0.00102816
0.00102633
0.00102545
0.00103183
0.00102967
0.00103056
0.00107375
0.0010302
0.00102652
0.00102593
0.00102807
0.00103151
0.00102781
0.00107187
0.00102963
0.00102632
0.00102635
0.00102791
0.00103024
0.0010704
0.00102769
0.00102633
0.00102796
0.00102711
0.00103174
0.00103188
0.0011162
0.00102867
0.00102592
0.00102561
0.00106292
0.00102786
0.00102796
0.00107223
0.00106877
0.00102585
0.00102635
0.00107678
0.00103085
0.00107351
0.00103033
0.00102981
0.00102696
0.00102789
0.00102911
0.00107034
0.00107116
0.00102837
0.00102567
0.00106675
0.00102798
0.00102754
0.00102893
0.00107441
0.00102883
0.00102775
0.00102706
0.00103105
0.00102912
0.00102669
0.00107306
0.00102607
0.00102547
0.0010261
0.00103049
0.00102863
0.00107002
0.00102751
0.00106894
0.00102709
0.00102957
0.00102789
0.00102946
0.00107302
0.0010265
0.00102554
0.00106454
0.00103197
0.00102831
0.00102735
0.00111441
0.00102758
0.00102656
0.00102761
0.00103151
0.00102853
0.00107063
0.00103035
0.00102593
0.00102623
0.00102808
0.00106518
0.00103069
0.00107388
0.00102728
0.00106093
0.00102638
0.0010289
0.00102812
0.00102856
0.00107043
0.00102632
0.00102539
0.0010292
0.00102875
0.00102759
0.0010693
0.00102878
0.00102624
0.00102611
0.00102669
0.00103073
0.00102803
0.00107173
0.00102927
0.00102697
0.00102603
0.00102775
0.00102908
0.00102867
0.00107035
0.00102719
0.00102799
0.00102653
0.00102767
0.00102817
0.0010729
0.00102738
0.00102624
0.00102515
0.00102961
0.00102776
0.00102706
0.00106961
0.00102899
0.00102642
0.00102609
0.00102686
0.00103082
0.00102699
0.00106977
0.00102637
0.00102801
0.00102586
0.00102722
0.00102918
0.00102712
0.00107186
0.00102721
0.00102889
0.00102777
0.00102919
0.00103082
0.00112293
0.00103057
0.00102576
0.00102576
0.00106251
0.00103074
0.00102809
0.00107144
0.00107317
0.00102612
0.00102557
0.00102858
0.00102992
0.00102685
0.00107313
0.00102801
0.00102634
0.00102663
0.00103061
0.00137054
0.00108233
0.00103204
0.0010291
0.00103034
0.0010333
0.00102937
0.00102755
0.0013172
0.00103072
0.00102704
0.00103129
0.00102988
0.00102807
0.00107191
0.00102892
0.00102724
0.00102801
0.00121966
0.00109694
0.00102968
0.00107283
0.00102644
0.00102833
0.00102731
0.00103054
0.00102957
0.0010845
0.00102886
0.00102737
0.00102833
0.00106213
0.0010289
0.0010286
0.00110485
0.00102712
0.00102587
0.00102597
0.00103068
0.00102884
0.00102682
0.00106907
0.00102925
0.00102612
0.00102622
0.00102811
0.00106764
0.00107226
0.00102761
0.0010261
0.00102906
0.00102875
0.00102979
0.00102755
0.00107293
0.00102685
0.00102593
0.00102816
0.00102962
0.00102842
0.00102793
0.00111081
0.00102695
0.00102663
0.00102625
0.00103064
0.00102833
0.00107259
0.00102769
0.00102806
0.00102597
0.00102675
0.00102769
0.00103249
0.00109097
0.0010607
0.00105448
0.0012542
0.00104536
0.00103699
0.00116771
0.00141751
0.00103217
0.00104223
0.00108389
0.00104546
0.00103427
0.00111616
0.00103351
0.00103225
0.00103506
0.00107522
0.0010303
0.0010797
0.00102726
0.00106878
0.00103077
0.00103106
0.00102994
0.0010714
0.00107517
0.00102867
0.00102602
0.00107445
0.00102901
0.00102903
0.00105585
0.0010842
0.00102699
0.00102581
0.00102897
0.0010288
0.00102753
0.0010718
0.00103359
0.00102991
0.00102722
0.0010287
0.00103053
0.00103281
0.00107407
0.00102729
0.00102827
0.00102685
0.00102947
0.00102769
0.00102964
0.00107032
0.00102656
0.00102568
0.00102804
0.00102857
0.00102731
0.00111757
0.0010286
0.00102666
0.00102673
0.0010698
0.0010283
0.00102908
0.00107091
0.00106998
0.00102643
0.00102656
0.00102886
0.00102937
0.00102815
0.00107011
0.00102644
0.00102849
0.00102634
0.00102692
0.00102705
0.00107306
0.00102732
0.00102629
0.00102532
0.0010297
0.00102735
0.00102784
0.00107164
0.00102751
0.00102631
0.00102615
0.00103016
0.00102854
0.0010269
0.00106972
0.00102902
0.00102659
0.00102571
0.0010278
0.00107684
0.00107524
0.00102897
0.00102686
0.00106847
0.0010279
0.00102967
0.00102997
0.00111327
0.0010278
0.00102665
0.00103056
0.00103175
0.00102874
0.00102775
0.00107221
0.00102714
0.00102642
0.00102626
0.00103042
0.00102819
0.00102747
0.0010729
0.00102881
0.0010263
0.00102633
0.00102704
0.0010286
0.00107089
0.00104015
0.00106051
0.00109835
0.00105473
0.00119992
0.00108005
0.00111375
0.00159275
0.00112582
0.00106825
0.00103824
0.00103096
0.00110773
0.00102691
0.00102693
0.0010302
0.00103352
0.00102946
0.00107461
0.00102724
0.00103048
0.00102896
0.00102973
0.00102901
0.00103028
