0.000697037
0.000693552
0.000692341
0.000697604
0.000699509
0.000701679
0.000699822
0.000742104
0.000692066
0.000690617
0.000689436
0.000692174
0.000689592
0.000694801
0.000703412
0.000701589
0.000696381
0.000746618
0.000694017
0.000694028
0.000692483
0.000693194
0.000691851
0.000702108
0.0007005
0.000698931
0.000695195
0.000738095
0.000698172
0.000694714
0.000692378
0.0006917
0.000692469
0.00069875
0.00070082
0.000699063
0.000705875
0.00103929
0.000720721
0.000710788
0.000695683
0.000698557
0.000715885
0.000720523
0.000709387
0.000702228
0.000946313
0.000750022
0.000697591
0.000692655
0.000696836
0.000693542
0.000701131
0.000700088
0.000699843
0.000693746
0.000747436
0.000695323
0.000694606
0.000693094
0.000692603
0.000692806
0.000705563
0.000701636
0.000696293
0.000693987
0.000739812
0.000696656
0.000692686
0.000693395
0.000696969
0.0006961
0.000701788
0.000702698
0.000697603
0.000694914
0.000738768
0.000691505
0.000689707
0.000692585
0.000689715
0.000690146
0.000694446
0.000694461
0.000692871
0.000697941
0.00074685
0.000694003
0.000692276
0.00069218
0.000696178
0.000695123
0.000717837
0.000719412
0.00070764
0.00069409
0.00074864
0.000692716
0.000692516
0.000696591
0.000696974
0.000699488
0.000708857
0.000700934
0.000695281
0.000739758
0.000694558
0.000696057
0.000696321
0.000694149
0.000694523
0.000699124
0.000700248
0.000703504
0.000698784
0.000748573
0.000695516
0.000693045
0.00069262
0.00069662
0.000692383
0.000698741
0.000697441
0.000694248
0.000694289
0.000740468
0.00069552
0.000696325
0.000694781
0.000693779
0.000696759
0.000700333
0.00069836
0.000698415
0.000694753
0.000742095
0.000698019
0.000694003
0.000693324
0.000692983
0.000695079
0.000699417
0.000702728
0.00069605
0.000692917
0.000740222
0.00069219
0.000694654
0.000692234
0.000693201
0.000692893
0.000700273
0.000699681
0.000700379
0.000695368
0.00074246
0.000696439
0.000695354
0.00069389
0.000696134
0.000693365
0.000699971
0.000699924
0.000696555
0.000702718
0.000752208
0.00069833
0.00069489
0.000693072
0.000691367
0.000696583
0.00070227
0.000702414
0.000697039
0.000693367
0.000741081
0.000697966
0.000693468
0.000692407
0.000693155
0.000697101
0.000705671
0.000702614
0.000696033
0.00069715
0.000740879
0.000694567
0.000717048
0.000710773
0.000701035
0.000697149
0.000696718
0.000694754
0.000695883
0.000690394
0.000741052
0.000689931
0.000689032
0.000689357
0.000691953
0.000691034
0.00069172
0.000692778
0.000690019
0.000691094
0.0007364
0.00069028
0.000689371
0.000689243
0.000689054
0.000693971
0.000693209
0.000692207
0.000689976
0.000736432
0.000694225
0.000693616
0.000690568
0.000689001
0.000689308
0.000690983
0.00069241
0.000697556
0.000694602
0.000736913
0.00069144
0.000689234
0.000692383
0.000690116
0.000689343
0.000690882
0.000693136
0.000691582
0.00069228
0.000733637
0.000691162
0.000689051
0.000689427
0.000689201
0.00069166
0.000692746
0.00069436
0.000693155
0.000691137
0.000734329
0.000691367
0.00068918
0.000689108
0.000688921
0.000689132
0.000694118
0.000692637
0.000692196
0.000690613
0.000735069
0.000691454
0.000691733
0.000689818
0.000688914
0.000691991
0.000677072
0.000678024
0.000679074
0.0006768
0.000718912
0.000677204
0.000675409
0.00067516
0.000677657
0.000675095
0.000675869
0.00067745
0.000680529
0.000679089
0.000718027
0.000719971
0.000675857
0.000675482
0.000674928
0.000677154
0.00067608
0.000679052
0.000677769
0.000676854
0.000675166
0.000722403
0.000676213
0.000675578
0.000675385
0.000674671
0.000675184
0.000680711
0.000679537
0.000678103
0.000675991
0.000719583
0.000676061
0.000677157
0.000675233
0.000676452
0.000675733
0.000678573
0.000678918
0.000726231
0.000676518
0.000718389
0.000676641
0.000674825
0.000675122
0.000677147
0.000678197
0.000746827
0.000687355
0.000682414
0.000700739
0.000741153
0.00067621
0.00067496
0.000675045
0.000674993
0.000708125
0.000710535
0.000678297
0.000678593
0.000676585
0.00072259
0.000722693
0.00067652
0.000675412
0.000680681
0.000948535
0.000759888
0.000718583
0.000703326
0.000691735
0.000739159
0.000690397
0.000692837
0.00068942
0.000688724
0.000772015
0.000680379
0.000681078
0.000717613
0.000675222
0.000725866
0.000699338
0.000715914
0.000768778
0.000712497
0.000707411
0.000850256
0.000686739
0.00067619
0.000827595
0.00121815
0.000781211
0.000824285
0.000906939
0.000701739
0.000682793
0.00067742
0.000675186
0.000772597
0.00119331
0.000678976
0.00067927
0.000679773
0.000687561
0.000689193
0.000678864
0.000675705
0.000722734
0.000676892
0.000675246
0.000678144
0.000676047
0.000677068
0.000682444
0.000679949
0.000680064
0.000676584
0.000720528
0.000677007
0.000675244
0.000676926
0.000678796
0.000677956
0.000679118
0.000679964
0.000678051
0.000677885
0.000725251
0.000679475
0.000675452
0.000674998
0.000674845
0.000674773
0.000680444
0.000678693
0.000677553
0.000675418
0.000676038
0.000721522
0.000678855
0.00067484
0.000675053
0.000675019
0.000676239
0.000677715
0.000680573
0.00067658
0.000676855
0.000722041
0.000677836
0.000675994
0.000718108
0.000675434
0.000676345
0.000678717
0.000679132
0.000678801
0.000714007
0.000719701
0.000676582
0.000675081
0.000675001
0.000718624
0.000676757
0.00067911
0.000678529
0.000677774
0.000676587
0.000722966
0.000676961
0.000675282
0.000674766
0.000675355
0.000675127
0.000681409
0.000678582
0.000677311
0.000676239
0.00071943
0.000678833
0.000679269
0.000676742
0.000676167
0.00067576
0.000678765
0.000678175
0.000679912
0.000676148
0.000719438
0.00067712
0.000674946
0.000675412
0.000681858
0.000680375
0.00090483
0.00111939
0.000733345
0.000727201
0.000679416
0.000676809
0.000675306
0.000675103
0.000718514
0.000681912
0.000684717
0.00068243
0.000677034
0.000720401
0.000717279
0.000675961
0.000675267
0.000675362
0.000675124
0.000677807
0.000682274
0.000678758
0.000676359
0.000675473
0.000721859
0.00067667
0.000678549
0.00067558
0.000675529
0.000675817
0.000678358
0.000678429
0.000680404
0.000676531
0.000720121
0.000676958
0.000675841
0.000677444
0.000676179
0.000675896
0.000678246
0.000678543
0.000677123
0.000681854
0.000720718
0.000678054
0.00067531
0.000675482
0.00067547
0.000678046
0.000678839
0.000677494
0.000677208
0.000676067
0.000721927
0.000679956
0.000675959
0.000674958
0.000675315
0.000675277
0.000677728
0.000680716
0.0006786
0.00067703
0.000718583
0.000677382
0.000675471
0.000677905
0.000676181
0.000676033
0.000677984
0.00067839
0.000679263
0.000679462
0.000675926
0.000720325
0.000676802
0.000675203
0.000677461
0.000676091
0.000677053
0.000678583
0.000677917
0.000677638
0.000718379
0.000721391
0.000676453
0.000675472
0.000675455
0.000675493
0.00067812
0.000678813
0.000678333
0.000676255
0.000675953
0.000720123
0.00071945
0.000675877
0.000675832
0.000675678
0.000676038
0.000679422
0.000683302
0.000680346
0.00067762
0.00072043
0.000677462
0.00067552
0.000680873
0.000700896
0.000701383
0.000697772
0.000682582
0.000680925
0.000713128
0.000728057
0.000677732
0.000675198
0.000675191
0.000678343
0.000676673
0.000678972
0.000679289
0.000677187
0.000676375
0.000760725
0.00067725
0.000676871
0.000677377
0.000675825
0.00067549
0.000748561
0.000680342
0.000678284
0.000676063
0.000719007
0.000677595
0.000715708
0.00067528
0.000674924
0.0006749
0.000678056
0.000677653
0.000680336
0.000676798
0.000720833
0.000677639
0.00067537
0.000677263
0.000676083
0.000676292
0.000678271
0.000678281
0.000678697
0.000712028
0.000725493
0.000680473
0.000675875
0.000676117
0.000675422
0.00067963
0.000679888
0.000679992
0.000683377
0.000678011
0.000676549
0.000759178
0.000676454
0.000675211
0.000675585
0.000675424
0.000676241
0.000681926
0.000678847
0.000677175
0.00067559
0.000722654
0.000676366
0.000677876
0.000675374
0.000675033
0.000674999
0.000679163
0.000680024
0.000678306
0.000676319
0.000723371
0.000678278
0.000676443
0.000678788
0.000675842
0.000675563
0.000678821
0.000679025
0.000677405
0.000678661
0.000718806
0.000677119
0.00067565
0.000675301
0.000675461
0.000678288
0.000677744
0.000678357
0.000678315
0.000676899
0.000720215
0.00068012
0.000675382
0.000675065
0.000675644
0.000675131
0.00067644
0.000680192
0.000676978
0.000676053
0.000675391
0.000720717
0.000676445
0.000680375
0.000676482
0.000675246
0.000677965
0.000679188
0.000679212
0.000679384
0.000675851
0.000722625
0.000682773
0.000683046
0.000680508
0.00067741
0.000676755
0.000680937
0.000679976
0.000678627
0.000678203
0.000724517
0.000676739
0.000674977
0.000675256
0.000675337
0.000707889
0.00067965
0.000680237
0.000678818
0.000677838
0.000720892
0.000768419
0.000675454
0.000674911
0.000674921
0.000675647
0.000678718
0.000680353
0.000677006
0.000676173
0.00071972
0.000677297
0.000675081
0.000678413
0.000675357
0.000675326
0.000678017
0.000678758
0.000679488
0.000676862
0.000721513
0.000676818
0.000675332
0.000674842
0.000678134
0.000675925
0.000677742
0.000678894
0.000677209
0.000676155
0.000760628
0.00067845
0.000677225
0.000675337
0.000675618
0.000675522
0.000748503
0.000680339
0.00067762
0.000676754
0.000720083
0.000680026
0.000721764
0.000677277
0.000676745
0.000675631
0.00072111
0.00070715
0.000735886
0.000708774
0.000748455
0.000693715
0.000689654
0.000705135
0.000755466
0.00068017
0.000686285
0.000685999
0.000678795
0.000720072
0.000721012
0.000677081
0.000678504
0.000696633
0.000763822
0.000720712
0.000725962
0.000714107
0.000855382
0.000685875
0.000805385
0.00126267
0.000724551
0.000678623
0.00068008
0.000724902
0.000682387
0.000678266
0.000675846
0.000720309
0.00072123
0.000675698
0.000675748
0.00067729
0.000677458
0.000682127
0.00068297
0.000682047
0.000678585
0.000723616
0.000677316
0.000675297
0.000678055
0.000679298
0.000676174
0.000681054
0.000679451
0.000677894
0.000717941
0.000720616
0.000677482
0.000676341
0.000675992
0.000675146
0.000678307
0.000679758
0.000679484
0.000678864
0.00067784
0.000802582
0.000694917
0.000689167
0.000679486
0.00067645
0.000675913
0.000729531
0.000682935
0.000678746
0.000676415
0.000721596
0.000677143
0.000721397
0.00067565
0.000675691
0.000675169
0.000677871
0.000678661
0.00072334
0.000676806
0.000721
0.000685585
0.000681345
0.000678745
0.00072046
0.000676358
0.00068037
0.000681149
0.000679446
0.000679066
0.000763799
0.000677661
0.000675375
0.000675287
0.00067871
0.000682101
0.000682064
0.000682154
0.000680914
0.000677116
0.000721372
0.000679625
0.000675662
0.000675488
0.000676345
0.000676869
0.00068021
0.00072165
0.000678729
0.000677164
0.000675684
0.000720586
0.000676018
0.000678242
0.000675551
0.000675134
0.000676621
0.000678273
0.000678084
0.000679118
0.000677003
0.000723639
0.000677614
0.000675068
0.000677315
0.000715646
0.000675889
0.000678782
0.000679176
0.000676628
0.000723927
0.000720145
0.000676307
0.000675493
0.000675652
0.000675586
0.000717812
0.000682641
0.000682829
0.000683885
0.000680612
0.000721891
0.000717323
0.000676228
0.000675585
0.00077948
0.00112975
0.000737168
0.000693321
0.000680546
0.00112005
0.000688025
0.000721708
0.000678193
0.000676386
0.000681096
0.000682806
0.000681327
0.000719118
0.000676092
0.0007215
0.000676383
0.000675415
0.000675506
0.000719784
0.000676541
0.000678903
0.000677914
0.00067703
0.000702941
0.000735665
0.00067619
0.000675599
0.000675236
0.000675369
0.000710728
0.000679729
0.000680781
0.000678796
0.000677208
0.000720836
0.000679975
0.000675897
0.000675262
0.000675157
0.000675938
0.000679751
0.000681391
0.000677496
0.000675701
0.000719648
0.000676993
0.000675554
0.000678132
0.000675596
0.000675406
0.000678247
0.000677511
0.000677108
0.000678976
0.000720638
0.000677533
0.000675236
0.000675231
0.000675319
0.000677872
0.000678026
0.000678496
0.000678206
0.000677155
0.000720886
0.000677833
0.000676118
0.000676646
0.000675623
0.000675825
0.000712008
0.000678922
0.000678265
0.000675692
0.000718473
0.000679212
0.000715142
0.000678945
0.000678145
0.000676794
0.000713528
0.000681067
0.000761423
0.000682521
0.000725249
0.000677426
0.000675046
0.000675511
0.000718495
0.00067547
0.000681427
0.000682015
0.000679315
0.000719087
0.000720961
0.000678002
0.000675337
0.000675386
0.000675436
