0.000683607
0.000683854
0.000681747
0.000678317
0.000719979
0.000677969
0.000678621
0.000680244
0.00068076
0.000680727
0.000750165
0.000684305
0.000680185
0.000677816
0.000677429
0.000679701
0.000682925
0.000678492
0.000677235
0.000677074
0.000684932
0.00070702
0.000749897
0.000699657
0.000689788
0.000682945
0.000679285
0.000679704
0.000717088
0.000677144
0.000680052
0.000683317
0.000681842
0.000721249
0.000678083
0.000678637
0.000677544
0.000677476
0.000694111
0.000745384
0.000994855
0.00075501
0.000743434
0.000728701
0.0007583
0.000686575
0.000681193
0.000683841
0.000681566
0.000681921
0.000771423
0.000695468
0.000684672
0.000746587
0.000682377
0.000681497
0.000728733
0.000677665
0.000676601
0.000680351
0.00068421
0.000732526
0.000680975
0.000678384
0.0006771
0.000677317
0.000676508
0.000725714
0.000677479
0.000677747
0.000680702
0.000683834
0.000687681
0.000735291
0.000681084
0.00067794
0.000680769
0.000678928
0.000679683
0.00071773
0.000685535
0.000685554
0.000680241
0.000676673
0.000677044
0.000722933
0.000680471
0.000679113
0.000678155
0.000681345
0.000729718
0.000684273
0.000683589
0.000681399
0.000687602
0.000708374
0.000782413
0.00075207
0.000720165
0.000718061
0.00070116
0.000689426
0.000723878
0.000682573
0.000688972
0.00069003
0.00068423
0.000722098
0.000678319
0.000683722
0.000690206
0.000691075
0.00068321
0.00074561
0.000685766
0.000682304
0.000682115
0.000680669
0.00067831
0.000722656
0.000688828
0.000684946
0.000683611
0.000708566
0.000733525
0.00074491
0.000707772
0.000706015
0.000711695
0.000884
0.000745611
0.000737269
0.000726227
0.000707501
0.000702277
0.000698771
0.000694509
0.000695145
0.000694354
0.000703964
0.000706883
0.000704067
0.000695925
0.000694427
0.000695973
0.000693723
0.000693712
0.000696715
0.000693965
0.000701525
0.000704201
0.000697891
0.000692961
0.00069647
0.000692727
0.000693968
0.00069314
0.000695625
0.000698771
0.000701919
0.000698555
0.000694577
0.000692667
0.000691913
0.000698561
0.000695752
0.000696
0.000693201
0.000694127
0.000698035
0.000700885
0.000695086
0.000692917
0.000696889
0.000694923
0.000693111
0.000695529
0.000692133
0.000692332
0.000698376
0.000696534
0.000697626
0.000693922
0.000695558
0.000695368
0.000694159
0.000692029
0.000693556
0.000693761
0.000701206
0.000721668
0.000736525
0.000739055
0.000730342
0.000706648
0.000693667
0.000690815
0.000690697
0.000698663
0.000701369
0.000698513
0.000693714
0.000691259
0.000691007
0.000693669
0.000692464
0.000690955
0.00069085
0.000693498
0.000695345
0.000697541
0.000694522
0.000693298
0.000693728
0.000694189
0.000696404
0.000696946
0.000693144
0.000695565
0.00070574
0.000702215
0.000699434
0.000694635
0.000692484
0.000693661
0.000693153
0.000691891
0.000693844
0.000695225
0.000695848
0.000696284
0.000699971
0.000698108
0.000698212
0.000693645
0.000691333
0.000691478
0.000690911
0.000695408
0.000699659
0.000695456
0.000693706
0.000691952
0.000691579
0.000691167
0.00069446
0.00069171
0.000691344
0.000694047
0.000695018
0.00069928
0.000694152
0.000692014
0.000691629
0.000691472
0.000691172
0.000693798
0.000692477
0.000692759
0.000695445
0.00069438
0.000693549
0.000696435
0.000692832
0.000691928
0.000691763
0.000692234
0.000691837
0.00069681
0.000697846
0.000697092
0.000694287
0.00069192
0.000737942
0.000678329
0.000677192
0.000676573
0.000677064
0.000680014
0.000726103
0.000682671
0.000679518
0.000679119
0.000678259
0.000677621
0.000719304
0.000678037
0.000677172
0.000678364
0.000683815
0.000683806
0.00068466
0.00068727
0.000688215
0.000683144
0.000680036
0.000678168
0.000709749
0.000760448
0.000696584
0.000681055
0.000679879
0.000712398
0.000678296
0.000677197
0.00067696
0.000676742
0.000676563
0.000680376
0.000682174
0.000681355
0.000679223
0.00067829
0.000677661
0.000715032
0.000678454
0.000677607
0.000677941
0.000677743
0.000681207
0.000683731
0.000680426
0.00067867
0.00067749
0.000676905
0.000677204
0.000680393
0.000678976
0.00067899
0.000683477
0.000682595
0.000682043
0.000726063
0.000678846
0.000677218
0.000677087
0.000677308
0.000676935
0.00071921
0.000681122
0.00068302
0.0006838
0.000681126
0.000720525
0.000677849
0.000684401
0.000682402
0.00067871
0.00067683
0.000720252
0.000689041
0.000681889
0.000678249
0.000677273
0.000676371
0.000679266
0.000676785
0.000676389
0.000679948
0.000682242
0.000685011
0.000726395
0.000678631
0.000678224
0.0006767
0.000676219
0.000678535
0.000718802
0.000680799
0.000683526
0.000685786
0.000686999
0.000682014
0.00071763
0.000681436
0.000680148
0.000678328
0.000676706
0.000680554
0.00067898
0.000724287
0.000685977
0.000684584
0.000681292
0.000726603
0.00068028
0.000680473
0.000679604
0.000679765
0.000681046
0.000722518
0.000686367
0.000682564
0.000680545
0.000677236
0.000676134
0.000718245
0.000679784
0.000678629
0.000681911
0.00068973
0.0006892
0.000726522
0.000678472
0.000678852
0.000679293
0.000679131
0.000682531
0.000679181
0.000678357
0.000684444
0.000683752
0.000681007
0.000715504
0.000680681
0.000679521
0.000677924
0.000676613
0.000676728
0.0007185
0.000684666
0.000685545
0.000684674
0.000678986
0.000678404
0.000722364
0.000678686
0.000679365
0.000678606
0.000677515
0.000684466
0.000725842
0.000685974
0.000681083
0.000677161
0.000676726
0.000677252
0.000716979
0.000676976
0.000676014
0.000680567
0.000688458
0.000727438
0.000684033
0.000679701
0.000683177
0.000680935
0.000679831
0.000680435
0.000677682
0.000680173
0.000688528
0.000686502
0.000682581
0.000716792
0.000680386
0.000701439
0.000768611
0.000882156
0.000862318
0.000726028
0.000698699
0.000681759
0.000676807
0.000685216
0.000735651
0.000687736
0.000680377
0.000679818
0.000679991
0.000687465
0.000730029
0.000681368
0.000679716
0.000686697
0.000686926
0.000683604
0.000722151
0.000680369
0.00068092
0.000688673
0.000690849
0.000725333
0.000680163
0.000679146
0.0006783
0.000677227
0.000675887
0.000716272
0.000678406
0.000686084
0.000686797
0.000685795
0.000679883
0.000680798
0.000677548
0.000676785
0.000676726
0.000678735
0.000679029
0.000721362
0.000685297
0.000688754
0.00068533
0.000681882
0.000678955
0.000724742
0.000679791
0.000679075
0.000677918
0.000684609
0.000725688
0.000684167
0.000679984
0.000680868
0.000688739
0.000687838
0.000724804
0.000679168
0.000679353
0.000689454
0.000689986
0.000737383
0.000756199
0.000702374
0.000698156
0.000693363
0.000690427
0.00069334
0.000691576
0.000714261
0.000683645
0.00068255
0.000721175
0.000731015
0.000698008
0.000695326
0.00070017
0.000688835
0.000679519
0.000728943
0.000697865
0.000684751
0.000679309
0.000680297
0.000679922
0.000726725
0.000679789
0.000677835
0.00067755
0.000685426
0.000685326
0.000727297
0.000678486
0.000676899
0.000677016
0.000679814
0.000720287
0.000680098
0.000680751
0.000688444
0.000687155
0.000684505
0.000726712
0.000677462
0.000676187
0.00068015
0.000679741
0.000678617
0.000723368
0.000683081
0.000682508
0.000687893
0.000685243
0.000679599
0.000724112
0.000677878
0.000677556
0.000676493
0.00067723
0.000680529
0.000687745
0.000683773
0.000679429
0.000676763
0.000676512
0.000678691
0.000710043
0.000685902
0.000714446
0.000752694
0.000717111
0.000720272
0.000679001
0.000676609
0.00067645
0.000676494
0.000675955
0.00071457
0.000679255
0.000683599
0.000688122
0.000685404
0.000681429
0.00071986
0.000678304
0.000677186
0.000676513
0.000676698
0.000676275
0.000720164
0.000682302
0.000680223
0.000678827
0.000676584
0.000679705
0.00067795
0.000681146
0.000680055
0.000677654
0.000678546
0.000726563
0.000683137
0.000687026
0.000682112
0.000679889
0.000677632
0.000680244
0.000677451
0.000676415
0.000677044
0.000685777
0.000682439
0.000685714
0.000677811
0.000676601
0.000676448
0.000676889
0.000676174
0.000678615
0.000677234
0.000680535
0.000680593
0.000680057
0.0006776
0.000679778
0.000677555
0.000676666
0.000676442
0.00067662
0.000675837
0.000683153
0.000681222
0.000679402
0.000678435
0.000677024
0.000676199
0.000680113
0.000676628
0.00067664
0.000676274
0.000686211
0.000724312
0.00068829
0.000683154
0.000679546
0.000678374
0.000677075
0.000730121
0.000677652
0.000676632
0.000678601
0.000682284
0.000681181
0.000682545
0.000677745
0.000679635
0.000678732
0.000677871
0.000677195
0.00067904
0.000677159
0.000744764
0.000773017
0.000705673
0.000681715
0.000725635
0.000676924
0.000677304
0.00067655
0.000677504
0.000714523
0.00068696
0.000689104
0.000685135
0.000678799
0.000679418
0.000722839
0.000677711
0.000675947
0.000676127
0.000676779
0.000681733
0.00072887
0.00068887
0.000688535
0.00068593
0.000678206
0.000676956
0.00072639
0.000677111
0.000676374
0.000683751
0.00068154
0.000679849
0.000731125
0.000694444
0.000688702
0.000679972
0.000676709
0.000727511
0.000677938
0.000682974
0.000683201
0.00067932
0.000677275
0.000716859
0.000681612
0.000680373
0.000677518
0.000678428
0.000678472
0.000761885
0.000686098
0.000685332
0.000679994
0.000679761
0.000678773
0.000685591
0.000681017
0.00067829
0.000676283
0.000683011
0.000684954
0.000690379
0.000680897
0.000677106
0.000677086
0.000678132
0.00067886
0.000681584
0.000679725
0.000684349
0.0006866
0.000682423
0.000684047
0.000679981
0.000679504
0.000678965
0.000677686
0.000676271
0.000680113
0.000680586
0.000686011
0.000685916
0.000684115
0.000679819
0.000721785
0.000678949
0.000678893
0.000679272
0.000678985
0.000681151
0.00072622
0.000683112
0.000680289
0.000676535
0.00067689
0.00067751
0.000718345
0.000678638
0.000677226
0.000677304
0.000681904
0.000683808
0.000720669
0.000680458
0.000677714
0.000676794
0.000676607
0.000679238
0.000677138
0.000676266
0.000757004
0.000685531
0.000681464
0.000721963
0.000682266
0.000679983
0.000678262
0.000676826
0.000676433
0.000729371
0.000684236
0.000681274
0.000678168
0.000677439
0.000678783
0.000719919
0.000679605
0.00068122
0.000679701
0.000677964
0.000684272
0.000726215
0.000685112
0.000683513
0.000743191
0.000702697
0.000718577
0.000680348
0.000676349
0.000676376
0.000684041
0.00068042
0.000681756
0.000678715
0.000676659
0.000676171
0.000676775
0.00067656
0.000719425
0.000677753
0.000679938
0.000681483
0.000680289
0.000678243
0.000722077
0.000677518
0.000676445
0.000676349
0.000676762
0.000676474
0.000682787
0.000681403
0.000680877
0.000678295
0.000677476
0.000677007
0.000719638
0.000679653
0.000678316
0.000677956
0.000679883
0.000719271
0.00069351
0.000678856
0.000676967
0.000676468
0.00067606
0.000727147
0.000678446
0.000677608
0.000680749
0.000681998
0.000681357
0.00072939
0.000678435
0.000677007
0.00067792
0.000677141
0.000675928
0.000719477
0.00067789
0.000683293
0.000680846
0.000684137
0.000716282
0.000788708
0.00074065
0.000730338
0.00071553
0.000692104
0.00077838
0.000859057
0.000702683
0.00069549
0.000729124
0.000705891
0.000706604
0.000688308
0.000681569
0.000679386
0.000689285
0.000738883
0.000683723
0.000677545
0.000680588
0.000681819
0.000679526
0.000719767
0.000677156
0.000676169
0.000684068
0.000681495
0.00068049
0.000681138
0.000680492
0.000679069
0.000679004
0.000680758
0.000679599
0.000740277
0.000710711
0.000708745
0.000699508
0.000685091
0.000727458
0.000686077
0.000694844
0.00069749
0.000694612
0.000685281
0.000773164
0.000691301
0.000682779
0.000677926
0.000679406
0.000679846
0.000724652
0.000677592
0.000676598
0.000675891
0.000682452
0.000681981
0.000728329
0.000678779
0.00067689
0.000676513
0.000676234
0.000676138
0.000718136
0.000676873
0.000680364
0.000680978
0.000679639
0.00072114
0.000678624
0.000677138
0.000677008
0.000676568
0.000676402
0.000679274
0.000679637
0.000680893
0.000679401
0.000678388
0.000679814
0.000722803
0.000682138
0.000678275
0.000677141
0.000676878
0.000679279
0.00072587
0.000680919
0.000681395
0.000679757
0.000678071
0.000677238
0.000717718
0.000677313
0.000676105
0.000677352
0.000680753
0.000679507
0.000682614
0.00067694
0.00067619
0.000676717
0.000676339
0.000679132
0.00067901
0.000678426
0.000682248
0.000681157
0.000680433
0.000680093
0.000678367
0.000676709
0.000676615
0.000677105
0.000676183
0.000713868
0.000680756
0.000679757
0.000687538
0.000690179
0.000684229
0.000721114
