0.00103181
0.00102842
0.00102785
0.00102732
0.00103252
0.00103111
0.00102884
0.00103021
0.00102874
0.00102775
0.00102768
0.0010706
0.00102929
0.00102925
0.00102883
0.00106917
0.00102757
0.00110502
0.00103532
0.00103462
0.00102969
0.00102758
0.00102732
0.00102921
0.00103097
0.00103069
0.00102917
0.00103155
0.00102777
0.00102799
0.00102787
0.00103364
0.00102963
0.00102899
0.00102866
0.00103064
0.0010281
0.0010288
0.00103266
0.00103044
0.00102945
0.00102766
0.00102925
0.00102858
0.00103085
0.00103064
0.00103272
0.00102871
0.00102715
0.00102689
0.00102995
0.00102991
0.00102856
0.00102934
0.00103083
0.00102892
0.00102802
0.00102786
0.00103404
0.00102975
0.00103014
0.00102969
0.00103219
0.00102855
0.00103397
0.0010364
0.00107296
0.00103107
0.00102852
0.00107147
0.00103045
0.00103445
0.00103534
0.00104091
0.0010331
0.00103076
0.00103092
0.00106766
0.00103391
0.00103342
0.00103316
0.00107216
0.00103022
0.00102922
0.00103122
0.00108301
0.0010327
0.00103234
0.00103188
0.00107482
0.0010291
0.00103172
0.00103626
0.0010344
0.00103324
0.00103097
0.00107164
0.00103064
0.00103258
0.00103426
0.00107119
0.00103225
0.00102871
0.00102863
0.00103308
0.00103398
0.00103271
0.00103139
0.00107041
0.00103023
0.00102966
0.00103276
0.00108055
0.00103443
0.00103307
0.0010322
0.00107291
0.00103027
0.00103472
0.00107595
0.00103376
0.0010314
0.0010306
0.00107029
0.00103238
0.00103373
0.00103793
0.00107868
0.00104652
0.0010471
0.00105169
0.00125572
0.00131646
0.00111285
0.0010956
0.00103956
0.00103337
0.00103618
0.00107562
0.0010344
0.00103706
0.00103609
0.00108125
0.0010327
0.00103619
0.00105658
0.00112728
0.00106375
0.0010578
0.00110946
0.00121153
0.0010357
0.00103713
0.00106804
0.00103051
0.00106244
0.0010622
0.0010716
0.00113531
0.00114123
0.00116758
0.00103637
0.00107115
0.00108009
0.00109227
0.00104963
0.00116032
0.00120859
0.00113407
0.00125623
0.00106754
0.00107472
0.00106135
0.00105602
0.00106409
0.00108431
0.00108859
0.00108637
0.0010755
0.00106055
0.00105931
0.00105901
0.00107355
0.00107196
0.00107618
0.0010801
0.00107964
0.00106676
0.00106386
0.00106981
0.00107552
0.00105957
0.00105456
0.00105934
0.00105853
0.00106378
0.00106676
0.00106949
0.00106432
0.00106223
0.00105943
0.00106256
0.00106595
0.00106435
0.00106375
0.00106301
0.00105879
0.00107924
0.00110047
0.0010863
0.00109416
0.00108722
0.00108758
0.00107134
0.00106993
0.00108318
0.00108648
0.00106968
0.00105652
0.00105167
0.00105508
0.00105737
0.00105424
0.00105723
0.00105327
0.00105177
0.00105013
0.00105449
0.00105567
0.00105486
0.00105272
0.00105404
0.00105601
0.00106865
0.00108104
0.00108045
0.00107059
0.00107385
0.00110432
0.00110657
0.00111406
0.0010935
0.0011052
0.00109019
0.0010853
0.00107364
0.00108308
0.00109087
0.00110484
0.00111435
0.0011033
0.00111361
0.00115779
0.00110596
0.00109329
0.00108688
0.00110185
0.00109752
0.00109246
0.00110122
0.00110879
0.0010962
0.00109421
0.00107717
0.00107439
0.00106761
0.00108594
0.00109179
0.00109595
0.00109713
0.00110098
0.00116061
0.00115449
0.00110849
0.00109892
0.0010909
0.00107829
0.00108524
0.00110124
0.00109351
0.00109702
0.00110364
0.00111466
0.00111733
0.00115368
0.00110445
0.00110569
0.00109833
0.00109598
0.00109334
0.00109242
0.00110109
0.00112436
0.00110151
0.00108798
0.00108548
0.00110412
0.00110339
0.00111707
0.00112037
0.00110483
0.00109012
0.00109099
0.00111171
0.00111015
0.00109558
0.00108829
0.00108198
0.00106822
0.00106978
0.00108435
0.00108694
0.00107508
0.00106779
0.00106555
0.00106368
0.00107805
0.0010998
0.00109468
0.00109523
0.00107051
0.00106649
0.00108101
0.00107891
0.00107639
0.00106717
0.00106264
0.0010517
0.001064
0.00107212
0.0010849
0.00107661
0.00108045
0.00107636
0.00108103
0.00108991
0.0011025
0.00109614
0.00107668
0.00106677
0.00107245
0.00107179
0.00106601
0.0010734
0.00108565
0.00108204
0.00107175
0.0010658
0.00107029
0.00108459
0.001081
0.00107357
0.00107672
0.00107308
0.00106588
0.00106639
0.00106489
0.00105723
0.00106204
0.00107412
0.0010678
0.001064
0.0010608
0.00106505
0.0010619
0.00107328
0.00107688
0.00107481
0.00106499
0.00105777
0.0010552
0.00106607
0.00107147
0.00107164
0.00107294
0.00106381
0.0010591
0.00105642
0.00105584
0.0010538
0.00106308
0.0010704
0.001076
0.00106373
0.00105593
0.0010524
0.00105915
0.0010636
0.00106942
0.00106344
0.00106027
0.00105351
0.00105399
0.00105931
0.00106971
0.00107054
0.00107173
0.00106796
0.00105528
0.00105438
0.0010636
0.00107474
0.00106828
0.00105684
0.00105379
0.00105622
0.00106455
0.00107458
0.00108016
0.00107037
0.00106205
0.00105647
0.0010681
0.00107332
0.00107523
0.0010703
0.00106069
0.00105443
0.00105206
0.00105988
0.00106902
0.00106782
0.00105718
0.00105645
0.00105296
0.00105329
0.00106475
0.00107482
0.00107028
0.00106178
0.00105578
0.00105553
0.00105273
0.00105386
0.00105464
0.00106049
0.00105444
0.00105224
0.00105323
0.00105056
0.0010534
0.00105396
0.00105451
0.00105214
0.00105075
0.00104922
0.00105355
0.00105326
0.00105381
0.00106071
0.0010712
0.00102868
0.00102726
0.00102937
0.00107504
0.00103414
0.00103364
0.00102889
0.00103182
0.00102911
0.00103244
0.00108581
0.00103305
0.00102839
0.00102734
0.00103016
0.00103117
0.00103232
0.00103284
0.00103238
0.00102859
0.00102812
0.00102739
0.00106313
0.00102995
0.00102969
0.00102837
0.00107272
0.00102859
0.00102812
0.00103082
0.00103219
0.00102896
0.00102888
0.00102713
0.00124041
0.00109351
0.00105771
0.00109701
0.00105246
0.00105667
0.0010987
0.00109626
0.0010432
0.00103306
0.00102923
0.0010776
0.00102836
0.001028
0.0010278
0.0010693
0.00103124
0.00102985
0.00107576
0.00102852
0.00102894
0.0010308
0.00107844
0.00103053
0.00103068
0.00102847
0.00108203
0.0010279
0.00103476
0.00105163
0.00110158
0.00106132
0.00104938
0.00103039
0.00108335
0.00103557
0.00103249
0.00103826
0.00107934
0.00103747
0.00103225
0.00107491
0.00103263
0.00103233
0.00103002
0.0010746
0.00102845
0.0010294
0.00113236
0.00107204
0.00106362
0.00102965
0.00120014
0.00108405
0.00104377
0.00103604
0.00107286
0.00103014
0.00102809
0.00102816
0.0010678
0.00103237
0.00103089
0.00102934
0.00107058
0.00102888
0.00102774
0.00102881
0.00107043
0.00102973
0.00103141
0.00103224
0.00106649
0.00103079
0.00112732
0.0010697
0.00103142
0.00102938
0.00102918
0.00107142
0.00102847
0.00103128
0.00103076
0.0010749
0.00102784
0.00102981
0.00104453
0.00105001
0.00104196
0.00103478
0.00102953
0.00107176
0.00102721
0.00102703
0.00103073
0.00107119
0.00103007
0.00102975
0.001029
0.00103024
0.00102783
0.00103135
0.00103294
0.00103036
0.0010288
0.0010273
0.00106899
0.00102924
0.00103165
0.00102983
0.00107372
0.00102875
0.00102696
0.00102694
0.00103188
0.00103016
0.00103019
0.00103021
0.00103045
0.00102738
0.00102739
0.00103098
0.00103302
0.00102963
0.00102998
0.00102756
0.00103004
0.00102756
0.00102942
0.00102912
0.00103207
0.00102876
0.00102732
0.00102895
0.00103026
0.00103166
0.00103092
0.00103218
0.00102798
0.00102832
0.00102673
0.00103165
0.00102988
0.00102905
0.00102841
0.00102951
0.00103186
0.00106984
0.00110012
0.00106714
0.00103128
0.00102807
0.00102726
0.00106296
0.00102878
0.00103242
0.00103177
0.0010789
0.0010284
0.0010275
0.00107518
0.00102951
0.00102951
0.00102872
0.00107843
0.00102766
0.00102772
0.00102829
0.00107753
0.00103069
0.00103068
0.00102903
0.00106518
0.00102794
0.00102908
0.00103172
0.00103305
0.00103028
0.00102821
0.00102784
0.00102905
0.00102932
0.00102943
0.00102912
0.00103154
0.00102735
0.0010272
0.00102879
0.00103064
0.00102989
0.00102909
0.00103162
0.00102838
0.00102802
0.00102854
0.0010328
0.00103133
0.00102922
0.00102759
0.00103055
0.00102822
0.001029
0.00103024
0.00103152
0.00102858
0.00102743
0.00102713
0.00102923
0.00102978
0.00102973
0.00102946
0.0010307
0.00102917
0.00102752
0.00102878
0.00106973
0.00103027
0.0010288
0.00107686
0.0010297
0.00103026
0.00103178
0.00103514
0.00103136
0.00102902
0.0010276
0.00102953
0.00102751
0.00103167
0.00103557
0.00107402
0.00102983
0.00103196
0.00103139
0.00103244
0.00103299
0.00103464
0.00103225
0.00107248
0.00103005
0.00102919
0.00103009
0.00107431
0.0010332
0.00103437
0.00108456
0.00111222
0.00103292
0.00103426
0.00108246
0.00103808
0.00103545
0.00103618
0.00107178
0.00103043
0.00103414
0.00103564
0.00107453
0.00103256
0.00103026
0.00102951
0.00107116
0.00103408
0.00103745
0.00106793
0.00104769
0.00103176
0.00103038
0.0010747
0.00104513
0.0010477
0.00113647
0.00112365
0.00103541
0.00107184
0.00103705
0.0010844
0.00104097
0.00104187
0.00103696
0.00107594
0.00103409
0.00103487
0.00108145
0.0010317
0.00103201
0.0010299
0.00107113
0.00106547
0.00103579
0.00103308
0.0010784
0.00102993
0.00102951
0.00103118
0.0010762
0.00104219
0.00112413
0.00110502
0.00110074
0.00104779
0.00104268
0.00108774
0.00103468
0.00103696
0.00103706
0.00108288
0.00103373
0.00103663
0.00104881
0.00131698
0.00134169
0.00113676
0.0011454
0.0011497
0.00107701
0.00103834
0.00107854
0.00103138
0.00102932
0.00103485
0.00107821
0.00103395
0.00103138
0.00107159
0.00103373
0.00103692
0.00104096
0.00107899
0.00103458
0.00103067
0.00102901
0.00107546
0.00103281
0.00103285
0.00103464
0.00108102
0.00103009
0.00102928
0.00102912
0.00107121
0.00107387
0.00106194
0.00121265
0.00107812
0.00106717
0.00117693
0.00106371
0.00105665
0.00105373
0.0010522
0.00105487
0.00105382
0.00105803
0.00106108
0.00106162
0.00106437
0.00106136
0.00106399
0.00106755
0.00106715
0.00106503
0.00106181
0.0010549
0.00105403
0.00105198
0.00106013
0.00105735
0.00105549
0.00105263
0.00105518
0.00105265
0.00105339
0.00105912
0.00105695
0.00105348
0.00105263
0.0010541
0.00105224
0.00105782
0.00105528
0.00105867
0.00105599
0.0010539
0.00105565
0.00105926
0.0010581
0.00105905
0.00105709
0.00105585
0.00105181
0.00105331
0.00106148
0.00106002
0.0010574
0.00105477
0.00105618
0.00105164
0.00105158
0.00105614
0.00106517
0.00106566
0.00106181
0.00105707
0.00105665
0.00106415
0.00106833
0.00106972
0.00105867
0.00105336
0.00105319
0.00105482
0.00105697
0.00105547
0.00105457
0.00105499
0.00105255
0.00105098
0.00105505
0.00106018
0.00105587
0.00105557
0.00105482
0.00105654
0.00105232
0.00105478
0.00105895
0.00105531
0.00105477
0.00105162
0.00105499
0.00105381
0.00105538
0.00106058
0.00106306
0.00105536
0.00105546
0.00105625
0.00106348
0.00106113
0.00105637
0.00105818
0.00116798
0.00106583
0.00107568
0.00108561
0.00103685
0.00103308
0.00103005
0.00108215
0.00102837
0.00103318
0.00103531
0.00107781
0.0010392
0.00103505
0.00109959
0.00107201
0.00103486
0.00109696
0.00103664
0.00103271
0.00103063
0.00102856
0.00107307
0.0010352
0.00103342
0.00103275
0.00107201
0.0010302
0.00102932
0.00103343
0.00107523
0.00103303
0.00103044
0.00102901
0.00107194
0.00103111
0.00103442
0.00103463
0.00107218
0.00103079
0.00102918
0.00106819
0.00103236
0.00103274
0.00103264
0.00107184
0.00103014
0.00102905
0.00102744
0.00110901
0.00104333
0.00104136
0.00103626
0.00107368
0.00103095
0.00113842
0.00104572
0.00108441
0.00103838
0.00103123
0.00107167
0.00102859
0.00103513
0.00103779
0.00103849
0.00102973
0.00102893
0.0010301
0.00103114
0.00103436
0.00103347
0.00103025
0.0010773
