0.000527515
0.000573038
0.000526189
0.000524918
0.000525104
0.000526785
0.000525198
0.00052476
0.000525245
0.000528696
0.00052913
0.000562232
0.000564346
0.000565905
0.000572954
0.000525558
0.000524487
0.000524763
0.00052481
0.000524455
0.000561279
0.000526001
0.000524847
0.00052471
0.000557725
0.0005293
0.000528686
0.000607302
0.000526242
0.000525058
0.000525063
0.000525125
0.000524686
0.000524589
0.000524857
0.000532407
0.000524921
0.000526056
0.000528479
0.000528656
0.000571991
0.000526141
0.000526961
0.000525041
0.000524755
0.000524595
0.000525569
0.000524575
0.000524844
0.000524998
0.00052745
0.000528184
0.000527362
0.000571568
0.000527668
0.000526337
0.000526372
0.000525519
0.000527824
0.000525452
0.000524839
0.000524659
0.00052463
0.000525112
0.000529214
0.000529103
0.000573418
0.000526506
0.00052686
0.000525244
0.000526101
0.000524892
0.000524811
0.000526968
0.000524948
0.000524635
0.000525114
0.000528122
0.000528477
0.000571842
0.000529032
0.00052525
0.000524592
0.000524618
0.000524854
0.000524942
0.000524949
0.000524579
0.000526524
0.000525384
0.000526987
0.000528134
0.000569486
0.000526832
0.00052496
0.000566386
0.000525088
0.000524911
0.000525529
0.000524762
0.000524542
0.000524919
0.000524999
0.000559241
0.000528297
0.000572402
0.000526936
0.00052498
0.000524854
0.000524783
0.000527189
0.000525225
0.000524342
0.000524759
0.000524532
0.000524715
0.000526694
0.000528976
0.000576305
0.000529187
0.000526201
0.000524596
0.000524981
0.000524374
0.000525358
0.000526346
0.000525003
0.00052511
0.000525149
0.00052848
0.000531565
0.000574019
0.000527666
0.000528366
0.000524767
0.000525208
0.000524781
0.000524704
0.000524514
0.000524511
0.000524679
0.00052636
0.000526051
0.000528636
0.000528084
0.000571441
0.000525289
0.000524948
0.000527012
0.000525002
0.000525014
0.000524384
0.000525075
0.000524436
0.00052451
0.000526156
0.000531476
0.000527386
0.000569101
0.000530948
0.000742871
0.000587939
0.000538531
0.00053387
0.000527222
0.000524671
0.000525223
0.000524507
0.000530184
0.000530945
0.00089361
0.000532052
0.000527352
0.000525239
0.000524944
0.000524798
0.000525109
0.000526875
0.00052491
0.000524302
0.000525954
0.000528961
0.000528537
0.000570954
0.000525395
0.000527331
0.000524484
0.00052417
0.000524269
0.000524394
0.000524211
0.000524152
0.000526627
0.000525629
0.000528761
0.000527572
0.000569219
0.000525859
0.000526139
0.00053055
0.000566764
0.000527372
0.000573378
0.000544561
0.000527765
0.000526468
0.000528515
0.000569661
0.000528941
0.000573872
0.000525769
0.000526872
0.000527671
0.000526726
0.000528905
0.000560131
0.000525963
0.000524667
0.00052518
0.000695959
0.000529528
0.00057351
0.000560301
0.00052452
0.00052443
0.000524475
0.000524597
0.000524221
0.000524464
0.000526099
0.000524707
0.00052422
0.000526611
0.000528581
0.000569621
0.000526248
0.000524376
0.000527046
0.000524278
0.00052424
0.00052457
0.000524252
0.000524024
0.000524463
0.000526235
0.00052601
0.000527574
0.000527373
0.000572032
0.000525154
0.000524541
0.000524856
0.000566546
0.00052442
0.000524492
0.000524574
0.000524365
0.000525179
0.000525518
0.000530387
0.000528171
0.000568826
0.000525077
0.0005245
0.000525051
0.000524299
0.000524189
0.000526535
0.000524328
0.000524225
0.000524597
0.000526078
0.000527825
0.000527535
0.000613334
0.000525684
0.000524676
0.00052489
0.000526693
0.000526968
0.000525657
0.000525094
0.000528026
0.000526234
0.000527386
0.000529034
0.000527432
0.000573353
0.000525451
0.000553379
0.000538003
0.000524838
0.000524453
0.000524748
0.000524896
0.000524616
0.000524725
0.000528247
0.000527215
0.000527419
0.000569655
0.000525032
0.000524165
0.000524279
0.000526486
0.00056897
0.000524288
0.000524397
0.000526847
0.00052834
0.000528952
0.000529608
0.000572989
0.000569419
0.000525302
0.000524557
0.000525001
0.000524207
0.000524393
0.000526958
0.000563894
0.000524067
0.000524646
0.000525774
0.000527641
0.000527421
0.000572485
0.000528235
0.000524515
0.000524362
0.000524234
0.000524467
0.000524185
0.000524655
0.000524695
0.00052662
0.0005252
0.000528371
0.000527255
0.00057025
0.000525713
0.000524696
0.000570239
0.000524887
0.000524149
0.000524681
0.000524258
0.000524362
0.000524278
0.000524812
0.000564109
0.000526623
0.000570364
0.000526428
0.000524824
0.000525744
0.000525252
0.000527312
0.000525468
0.000524273
0.000524649
0.000524225
0.000586229
0.000528943
0.000530237
0.000569472
0.00052541
0.000524416
0.00052452
0.000524271
0.000524388
0.000524232
0.000526822
0.000524529
0.00052438
0.00052583
0.000528044
0.00052704
0.000568271
0.000525587
0.000527073
0.000524644
0.000524159
0.000524187
0.000524307
0.000524472
0.000524479
0.000526648
0.00052491
0.000527405
0.000530227
0.000581269
0.00053295
0.000527343
0.000524929
0.000562385
0.000524595
0.000524895
0.000524814
0.000524458
0.000524455
0.000542881
0.000552812
0.000528186
0.000570887
0.000525664
0.000524241
0.000524103
0.00052443
0.000524582
0.000564701
0.000524506
0.000524055
0.000524166
0.000525067
0.000528386
0.00052821
0.000614195
0.000526586
0.000524647
0.000524689
0.00052441
0.000524816
0.000524224
0.000524767
0.000527335
0.000524395
0.000525315
0.00053052
0.000528714
0.000574411
0.000527817
0.000566637
0.000535655
0.00054673
0.000557449
0.000566351
0.000560028
0.000558895
0.000585994
0.00053799
0.000701253
0.000620337
0.000530055
0.00118033
0.000618374
0.000526088
0.000524982
0.000524152
0.000525112
0.000528344
0.00052844
0.000536243
0.000569309
0.000571734
0.000525926
0.000524115
0.000524113
0.000524887
0.000524134
0.000565414
0.000524596
0.000524478
0.000526127
0.000526602
0.000530102
0.000529384
0.000612285
0.000525764
0.000524752
0.000524711
0.000524548
0.000524331
0.000524035
0.000524119
0.000565882
0.000524401
0.000525032
0.00052926
0.00052893
0.000572255
0.000525355
0.000526444
0.000524654
0.000524384
0.000524143
0.000524303
0.000524298
0.000524192
0.000524183
0.000526775
0.000528387
0.000526577
0.000570295
0.000527743
0.000527923
0.000528724
0.000571346
0.000524586
0.00052412
0.000524686
0.000526208
0.000525289
0.000567745
0.000534138
0.00057474
0.000572198
0.0005258
0.000524296
0.000524159
0.000524318
0.000524708
0.000563771
0.000524988
0.000524346
0.000524356
0.000525256
0.000528096
0.000527523
0.000572555
0.000529013
0.000524514
0.000524226
0.000524379
0.000524518
0.00052427
0.000524667
0.000526001
0.000524565
0.000525054
0.000528399
0.000527689
0.000571658
0.000526026
0.000524727
0.000527034
0.000524564
0.000524791
0.000524119
0.000524345
0.000524489
0.000524324
0.000526703
0.000528051
0.000527282
0.000569245
0.000525987
0.000524322
0.000524564
0.00052425
0.000527046
0.000524681
0.000524613
0.000524453
0.000524968
0.000524432
0.000526635
0.000527921
0.000578502
0.000534973
0.000532491
0.000531001
0.000526131
0.000525326
0.000524417
0.000527053
0.000524699
0.000524714
0.000524777
0.000527819
0.000530158
0.000574029
0.00052652
0.000527453
0.000524856
0.000524449
0.000526427
0.000525887
0.000527249
0.000528724
0.000663447
0.000719812
0.000668389
0.000590929
0.000541485
0.000536336
0.000535769
0.000546031
0.000648231
0.000665318
0.000665611
0.000525659
0.000525615
0.000590557
0.000530633
0.000529094
0.000573164
0.000525131
0.000524504
0.000524138
0.000524442
0.000527388
0.000524519
0.000524269
0.000524544
0.000524423
0.000525315
0.000527935
0.000528589
0.000607
0.000524915
0.00052443
0.000524416
0.000524124
0.000524057
0.000524096
0.00052633
0.000524705
0.000524146
0.000525585
0.000528004
0.000527601
0.000569281
0.000528747
0.000525283
0.000525429
0.000524367
0.000524796
0.000524023
0.000523995
0.000524033
0.000526313
0.000525298
0.000528387
0.000528214
0.00057336
0.000525465
0.000524562
0.000524169
0.000526617
0.000524332
0.000524034
0.000524632
0.000524712
0.000524486
0.000525038
0.000529277
0.000526416
0.000574805
0.000530565
0.000525931
0.000525674
0.000524713
0.000525093
0.000573873
0.000525284
0.000524603
0.000524605
0.000524954
0.00052941
0.000526672
0.000571022
0.000526485
0.000525231
0.000524333
0.000524308
0.000524071
0.000524435
0.000524564
0.000526878
0.000524379
0.000524621
0.000527068
0.000527989
0.000571369
0.000526152
0.000527456
0.000524744
0.000524293
0.000523985
0.000524555
0.00052409
0.000524237
0.000524755
0.000526482
0.00052907
0.000532125
0.000588339
0.000526887
0.000524488
0.000524039
0.000569306
0.000524454
0.000524198
0.00052429
0.000524253
0.000524546
0.000524284
0.000526835
0.000529828
0.000568949
0.000526254
0.000524603
0.000524022
0.00052429
0.000524267
0.00052646
0.000524818
0.000525
0.000525903
0.000525738
0.000527219
0.000528083
0.000572634
0.000529203
0.00052487
0.000524294
0.000524847
0.000524553
0.000524512
0.000524525
0.000524262
0.000526636
0.000524819
0.000528415
0.000529883
0.00052837
0.000571115
0.000525006
0.000527544
0.00052612
0.000524658
0.000524783
0.000524326
0.000524138
0.000524161
0.000524445
0.00052887
0.000528276
0.000527738
0.000568113
0.000525225
0.000524559
0.000524226
0.000526911
0.000524841
0.000524551
0.000524186
0.000524222
0.00052426
0.000525517
0.000527535
0.000530855
0.000571943
0.000525438
0.000524314
0.000524151
0.000524457
0.000524264
0.000526154
0.000524779
0.000524661
0.000524176
0.000524996
0.00052723
0.000527288
0.00056961
0.000527545
0.000524597
0.000524527
0.000524631
0.0005273
0.000527166
0.000527051
0.000546404
0.000540399
0.00059176
0.000560724
0.000529387
0.000572268
0.000525223
0.000524394
0.000562132
0.000524359
0.000524115
0.000524488
0.000524356
0.000524536
0.00052427
0.000599013
0.000527945
0.000526936
0.000571425
0.000525054
0.000524241
0.000524136
0.000524819
0.000567121
0.000524981
0.000525177
0.000525962
0.000527196
0.000530408
0.000530546
0.000562687
0.000573571
0.000525964
0.000524536
0.000524893
0.000533984
0.000532694
0.000528817
0.000534232
0.000524898
0.000524132
0.000526231
0.000531415
0.000528919
0.000572108
0.000527973
0.000524854
0.000524367
0.000524057
0.00052427
0.00052428
0.000524083
0.000524096
0.000526003
0.000525223
0.000527726
0.0005274
0.000572245
0.000524844
0.000524175
0.000526329
0.000524759
0.000524117
0.000524604
0.000524277
0.000524102
0.000524666
0.000524913
0.000560452
0.000527778
0.000569935
0.000525752
0.000524152
0.000524006
0.000524505
0.000567149
0.000524572
0.000524685
0.000524416
0.000524614
0.000525628
0.000529481
0.000528481
0.000573492
0.000525794
0.000524094
0.00052426
0.000524686
0.000524331
0.00052465
0.000526797
0.000524915
0.00052404
0.000524786
0.000526504
0.000526433
0.000569625
0.000526556
0.000527281
0.000524966
0.000526832
0.000528459
0.000527703
0.000526085
0.000524949
0.000526947
0.000571936
0.000529042
0.000530812
0.000571267
0.000526413
0.000524797
0.000524664
0.000564613
0.000524511
0.000524167
0.000524341
0.000524331
0.000524167
0.000524556
0.000530731
0.000527845
0.000570878
0.000526495
0.000524776
0.00052472
0.000524496
0.00052421
0.000526883
0.000524652
0.000524208
0.000524306
0.000524588
0.000527616
0.000528252
0.000573351
0.000525872
0.000524392
0.000524451
0.000524537
0.000524673
0.00052398
0.000524207
0.000526309
0.000524859
0.000524336
0.000527099
0.000526799
0.000570908
0.000526796
0.000524285
0.000526862
0.000524849
0.000524175
0.000524388
0.000524402
0.000524117
0.000524276
0.00052624
0.000525793
0.00052729
0.000526562
0.000570486
0.000525009
0.000524013
0.000524175
0.000526627
0.000524385
0.000524349
0.000524278
0.000524227
0.000524374
0.000525421
0.000528945
0.000526689
0.000569484
0.000525625
0.000525461
0.000525437
0.000525294
0.000525039
0.00056708
0.000525384
0.000524576
0.000524819
0.000526794
0.000528476
0.000527841
0.000611718
0.000529597
0.000526224
0.000525248
0.000543371
0.000557459
0.000617392
0.000667007
0.000837032
0.000648073
0.00057734
0.000624779
0.00054557
0.000689829
0.000540841
0.000524182
0.000524254
0.000524716
0.000524244
0.000586542
0.000526754
0.000568253
0.000532822
0.000529921
0.000617796
0.000526274
0.000915158
0.000526136
0.000570443
0.000524439
0.000524637
0.000525074
0.000527384
0.000527227
0.000530779
0.000575919
0.000572918
0.000525977
