0.00440353
0.00426458
0.00422773
0.00422553
0.00422538
0.00422623
0.00422805
0.00429459
0.00426045
0.00426602
0.00426404
0.00422602
0.00422741
0.00422551
0.00422526
0.00422696
0.00422455
0.00422571
0.00422584
0.00426362
0.00422811
0.00426306
0.00422564
0.00422595
0.00422763
0.00422534
0.00422655
0.00422973
0.00422981
0.00422607
0.00426673
0.00426629
0.00426874
0.00427368
0.00427982
0.00426663
0.00415959
0.00409264
0.00412379
0.00410934
0.00450087
0.00420301
0.00421916
0.00428771
0.00412433
0.00409628
0.0041515
0.00446319
0.00415607
0.00412234
0.00409009
0.00411403
0.00410834
0.00409221
0.00451161
0.00447627
0.00429942
0.0041516
0.00415459
0.00416662
0.00422623
0.00426013
0.0042255
0.00426371
0.0042639
0.00439379
0.00430621
0.00423467
0.00427486
0.00426398
0.00425865
0.00432102
0.00427765
0.00427096
0.00426737
0.00431325
0.00430223
0.00427046
0.00422465
0.00422526
0.00426656
0.00422725
0.00422665
0.00422426
0.0042646
0.00422566
0.00426454
0.00422533
0.0042246
0.00422561
0.0042277
0.00422884
0.00422858
0.0042244
0.00426261
0.00435281
0.00426118
0.0042259
0.00422674
0.00422994
0.00423033
0.00422767
0.00426627
0.00432376
0.00435446
0.00426335
0.00426649
0.00431037
0.0043091
0.00425916
0.00428988
0.0042317
0.00422843
0.00426328
0.00422586
0.00426306
0.00426502
0.00427295
0.0042677
0.00422455
0.00422666
0.00422514
0.00422671
0.00422642
0.00422558
0.00422566
0.00422508
0.00422337
0.00422567
0.00422635
0.00422522
0.00422488
0.004226
0.00422645
0.00422497
0.00422492
0.0042255
0.00422412
0.00422736
0.00422785
0.00422848
0.00427001
0.00433889
0.00433842
0.00422664
0.00422573
0.00422648
0.00422605
0.0042259
0.00422576
0.00422571
0.00435811
0.00422824
0.00422505
0.00422572
0.00422383
0.00422684
0.00422497
0.00422559
0.00422615
0.00422478
0.00422602
0.00422603
0.00426619
0.00426716
0.00426643
0.00422722
0.00422796
0.00422551
0.0042258
0.00426574
0.00426684
0.00422625
0.00422558
0.00426804
0.00433594
0.00425925
0.00421757
0.00416977
0.00409898
0.00412237
0.00410751
0.00414918
0.00409142
0.0041674
0.00421153
0.00410868
0.00416709
0.0041015
0.00423537
0.0044939
0.00412149
0.00449328
0.0042171
0.00414096
0.00418758
0.00413439
0.00414155
0.0043383
0.00472982
0.0042549
0.00425123
0.00426637
0.00426258
0.00426452
0.00422553
0.00422416
0.00422648
0.00422915
0.00423006
0.00422948
0.00427655
0.0042818
0.00422826
0.00422563
0.00422677
0.00422578
0.00422479
0.00422497
0.00422391
0.00422806
0.00422703
0.00436444
0.00426196
0.00429988
0.00422565
0.00461292
0.00449936
0.00430332
0.00426481
0.0042255
0.0042256
0.00426539
0.00426762
0.0042668
0.00426796
0.00426903
0.00449852
0.00426071
0.0042585
0.00422443
0.00422535
0.00428791
0.00430953
0.00430092
0.00428719
0.00428694
0.00436235
0.00426566
0.00426743
0.00426719
0.00422985
0.00423048
0.00427163
0.00426958
0.00422744
0.00422688
0.00422789
0.00422611
0.00426996
0.00422679
0.00422487
0.00422622
0.00422531
0.00422567
0.00426614
0.0042254
0.00426869
0.00426694
0.00426573
0.00426925
0.00426304
0.00422562
0.00422529
0.00422662
0.00422585
0.00422496
0.00422516
0.00422765
0.00426811
0.00422725
0.00422523
0.00422673
0.00430734
0.00422911
0.00432555
0.00422734
0.00422516
0.00422661
0.00422429
0.0042245
0.00422592
0.00422511
0.00426035
0.00453761
0.00426792
0.00426809
0.00422585
0.00422516
0.00422604
0.00422537
0.00422534
0.00425924
0.00426491
0.00422685
0.00426854
0.00422793
0.00426771
0.00422622
0.00424189
0.00431309
0.00425827
0.00427777
0.00428645
0.00423163
0.00422875
0.0042673
0.00422501
0.00426643
0.00422592
0.00426279
0.00426745
0.00426735
0.00422713
0.00422769
0.00422439
0.00422582
0.00422665
0.0042674
0.00422574
0.00434626
0.00430285
0.0044316
0.00426274
0.00433149
0.00428494
0.00427211
0.0042705
0.00426095
0.00426986
0.00427067
0.0042256
0.0042594
0.00422523
0.00422507
0.00422838
0.0042254
0.00422597
0.0042258
0.00426703
0.00426821
0.00426356
0.00426685
0.00426714
0.00426611
0.00422847
0.00426148
0.00422759
0.00422631
0.00426577
0.00422773
0.00427371
0.00422552
0.00429564
0.00427107
0.00427727
0.00427023
0.004273
0.00427068
0.00427813
0.00426931
0.00426325
0.00422434
0.00422501
0.00422371
0.00426757
0.00423063
0.0043359
0.0043025
0.00447339
0.00426665
0.00426249
0.00422473
0.00422506
0.0042239
0.00422232
0.00422469
0.00426617
0.00426643
0.00426804
0.00422756
0.00422574
0.00422622
0.00422417
0.00422532
0.00422718
0.00423052
0.00423379
0.00427657
0.00427226
0.00427061
0.00426733
0.0042277
0.00426435
0.00433291
0.00426825
0.00427126
0.00422873
0.00422886
0.00422659
0.00422555
0.00422336
0.00426282
0.00422562
0.00426056
0.004228
0.00422784
0.00422665
0.00422404
0.00422423
0.00422342
0.00422335
0.0042653
0.00426145
0.0042664
0.0045548
0.00428573
0.00463818
0.00430649
0.0042958
0.00428003
0.00427391
0.00426764
0.00432188
0.00426988
0.00426172
0.00426643
0.00422643
0.00422581
0.0042262
0.00426801
0.004227
0.00426477
0.00505479
0.0045583
0.00430581
0.00429635
0.004286
0.00428001
0.00426571
0.00449832
0.00439296
0.00429987
0.00427585
0.00427589
0.00426606
0.0042792
0.004325
0.00425914
0.00432049
0.00432072
0.00431784
0.00432066
0.00431881
0.00431788
0.00431671
0.00431516
0.00431572
0.00431609
0.00431683
0.00431734
0.0043183
0.00432189
0.0043229
0.00431949
0.00431978
0.00431687
0.00431646
0.00431709
0.00431587
0.00431972
0.00431908
0.00429027
0.00422504
0.00427281
0.00426405
0.00422425
0.00422532
0.00422421
0.00425905
0.00422461
0.0042272
0.00422552
0.00422482
0.00422433
0.00422405
0.00422469
0.00422303
0.00432198
0.00426749
0.00426712
0.00422585
0.00426873
0.00426425
0.00422448
0.00422474
0.00426393
0.00426893
0.00426652
0.00422867
0.00429018
0.00430855
0.00428935
0.00427921
0.00423119
0.0042271
0.00422565
0.00427216
0.00426629
0.00426699
0.0043017
0.00426224
0.00436332
0.00422688
0.00422601
0.00422468
0.00422457
0.00425929
0.00426284
0.00426573
0.00422528
0.00426619
0.00422617
0.00426403
0.00430071
0.0042254
0.00422546
0.00422585
0.004225
0.0042256
0.00422539
0.00422384
0.00422406
0.00422546
0.00422421
0.00440761
0.00439903
0.00426001
0.0042271
0.00422702
0.00422715
0.00425629
0.00422375
0.0042246
0.00422386
0.00426776
0.00422647
0.00427491
0.00422622
0.00422413
0.00422894
0.00422409
0.00422362
0.00422444
0.00422429
0.00426499
0.004268
0.00430169
0.00439826
0.00426534
0.00435393
0.00429244
0.00426224
0.00426938
0.00426581
0.00427244
0.00425802
0.00436257
0.00430759
0.00429848
0.00427837
0.00423151
0.00422775
0.00422605
0.00422665
0.00422517
0.00422464
0.00422495
0.00422464
0.00422528
0.00422338
0.00422363
0.00422365
0.00422585
0.00436456
0.00426273
0.00422494
0.00422636
0.00422324
0.00422439
0.00422394
0.00422387
0.00426617
0.00422707
0.0042272
0.0042267
0.00422453
0.00425641
0.00422321
0.00422407
0.00422366
0.00422387
0.00422519
0.00422449
0.00425965
0.00442545
0.00426214
0.00427017
0.00439772
0.00422509
0.00432184
0.00426547
0.00422468
0.00426521
0.00422433
0.00422436
0.00422502
0.00422604
0.00422566
0.00422676
0.00426571
0.00425983
0.00422576
0.00422595
0.00426345
0.00426576
0.00422871
0.00422801
0.00422776
0.00426715
0.00426683
0.00436765
0.00426777
0.00426249
0.00428971
0.00456563
0.00429837
0.00423775
0.00427198
0.00426503
0.00426849
0.00422951
0.00422623
0.00422514
0.00422384
0.00422392
0.00422429
0.00422353
0.00422472
0.00426582
0.00422642
0.00428468
0.00450618
0.00430583
0.00428446
0.00435496
0.00427451
0.00426439
0.00442606
0.00427006
0.004284
0.00427859
0.0042737
0.00431972
0.00427513
0.00427115
0.0042648
0.00422855
0.00422699
0.0042266
0.00422562
0.00422475
0.00422446
0.00422447
0.00423375
0.00423355
0.00423078
0.0042707
0.00426885
0.00426139
0.00437022
0.00442675
0.00427782
0.00426482
0.00426671
0.00426868
0.0042683
0.00426694
0.00426664
0.00422534
0.00422603
0.00422429
0.00422438
0.00425814
0.00427852
0.00422495
0.00422589
0.00422678
0.00422752
0.00435097
0.00426021
0.0043046
0.00431254
0.00446697
0.00428097
0.0042734
0.00426644
0.00425923
0.00422548
0.00422477
0.00422408
0.00427268
0.00422574
0.00422541
0.00426713
0.00423212
0.00426628
0.00422626
0.0042679
0.00422596
0.00422442
0.00422582
0.00422454
0.00426531
0.00435508
0.00427271
0.0042739
0.00436359
0.00427604
0.00427952
0.00431562
0.00427803
0.00428207
0.00426911
0.00427123
0.00423318
0.00422829
0.00423076
0.00427482
0.00422958
0.00422532
0.00422457
0.00430776
0.00422585
0.00422581
0.00425857
0.00422445
0.00430647
0.00426153
0.00426521
0.00426395
0.00433015
0.00426513
0.00422679
0.00426747
0.00422614
0.00422412
0.00426598
0.00427619
0.00427001
0.00426195
0.00427843
0.00422817
0.00422636
0.00426195
0.00426233
0.00422441
0.00422435
0.00423053
0.00431229
0.00433934
0.00429072
0.00427154
0.00427974
0.00431698
0.0045745
0.00430685
0.00426211
0.00426616
0.00426918
0.00459389
0.00452311
0.00434109
0.00430597
0.00428914
0.00427403
0.00426927
0.00426646
0.00422497
0.00422626
0.00422546
0.00422524
0.00427473
0.00427601
0.00450811
0.00435235
0.00426451
0.00427266
0.00429869
0.00426735
0.00431119
0.00422825
0.00422785
0.00422662
0.0042256
0.00422425
0.00422553
0.00422839
0.00426654
0.00422549
0.00422824
0.00422499
0.00422501
0.0042258
0.00422425
0.00422457
0.00422358
0.00427281
0.00422572
0.00426733
0.00422673
0.00422458
0.00426775
0.00432759
0.00426374
0.00425751
0.00422454
0.00431423
0.00422596
0.00422494
0.0042679
0.00422616
0.00422531
0.00426006
0.00422469
0.00440925
0.00431794
0.00425977
0.00424622
0.0042312
0.00422975
0.00422726
0.00429871
0.00444035
0.00429447
0.00427379
0.00426833
0.00426552
0.0042269
0.00422617
0.00422497
0.00422523
0.00422337
0.00422448
0.00422623
0.00427133
0.0042584
0.00430649
0.00423033
0.00422971
0.00422496
0.00422548
0.00422423
0.00422332
0.00422551
0.00422563
0.00422579
0.00422658
0.00422559
0.00422519
0.00433144
0.00426313
0.00426081
0.00422392
0.00422741
0.0042638
0.0042721
0.00422809
0.00422592
0.00422649
0.00423502
0.00422415
0.0042968
0.00422451
0.00422481
0.00422702
0.00433852
0.00429364
0.00428679
0.00427336
0.00434553
0.0042615
0.00433738
0.00425986
0.00426758
0.00427061
0.00426446
0.00426688
0.00426612
0.00426251
0.00426578
0.00443875
0.0042807
0.00444475
0.00429745
0.00428779
0.00423238
0.00422559
0.00422724
0.00422441
0.00426318
0.00426302
0.0042654
0.00422489
0.00422509
0.00422666
0.0042586
0.0042617
0.00429485
0.0044842
0.00427254
0.0042715
0.00426778
0.0042252
0.0042253
0.00426525
0.00422511
0.00422472
0.00426497
0.00422531
0.00422589
0.0042259
0.0042239
0.00422469
0.00422628
0.00422432
0.0042243
0.0044011
0.00426082
0.00430682
0.00426907
0.0042734
0.00436441
0.00425936
0.00422691
0.00422516
0.00422392
0.00422429
0.00422361
0.00426396
0.00430765
0.00422501
0.00427604
0.00422434
0.00422499
0.0042249
0.00422332
0.00422418
0.0042661
0.00422516
0.00422606
0.00422623
0.00426533
0.00427264
0.00427304
0.00428468
0.00439755
0.00433916
0.00422679
0.00422682
0.0045886
0.00433155
0.00429933
0.004274
0.00427279
0.00427418
0.00433695
0.00426639
0.00422694
0.00422542
0.00422431
0.00422472
0.00422396
0.00422522
0.00429987
0.00429272
0.0044312
0.00426224
0.00426611
0.00451284
