0.000461669
0.000463895
0.00046124
0.00046152
0.000461269
0.000463461
0.000466271
0.000469127
0.000509445
0.000513806
0.000462494
0.000461393
0.000461751
0.000461589
0.000462592
0.000461854
0.000461906
0.000462163
0.000463436
0.000461956
0.000464248
0.000466282
0.000505058
0.000463193
0.000461814
0.000461253
0.000503956
0.000461469
0.000461401
0.000462296
0.000463771
0.000463804
0.000463863
0.000462415
0.0004628
0.000508112
0.000465531
0.000504136
0.000463609
0.000461651
0.000464083
0.000464481
0.000465465
0.000503253
0.000462315
0.000461675
0.000461743
0.000461539
0.000461456
0.000462925
0.000466732
0.000466537
0.000547553
0.000462949
0.000461539
0.000461484
0.000461989
0.000461506
0.000461791
0.00046163
0.000463347
0.000461471
0.000464249
0.000471494
0.000472072
0.000470193
0.000465978
0.000506384
0.000461785
0.000502646
0.00046138
0.000461623
0.000461669
0.000461769
0.000461132
0.000461231
0.000461204
0.000489003
0.00047464
0.000463679
0.00046522
0.000465181
0.000502401
0.000462237
0.000462269
0.000461524
0.000463941
0.000462247
0.000461554
0.000461765
0.000461263
0.00046112
0.000461991
0.000462802
0.0004656
0.000509337
0.000508649
0.000469141
0.000476925
0.000481446
0.000476664
0.000465293
0.000462577
0.000465463
0.000461797
0.000461459
0.000461916
0.000461565
0.000462497
0.000468443
0.000466712
0.000510008
0.000463756
0.000461576
0.000462237
0.000464898
0.000463345
0.00046212
0.00046163
0.000462395
0.000463787
0.000461808
0.000461674
0.000462511
0.000468272
0.000466157
0.000507879
0.000464223
0.000462367
0.00050266
0.000461453
0.000461615
0.000461184
0.000461659
0.000460991
0.000461209
0.000461408
0.000463072
0.000463961
0.000466306
0.000464702
0.000507752
0.000462032
0.000461538
0.000461255
0.000461273
0.000463578
0.000461676
0.000462016
0.000461584
0.000461915
0.000461154
0.000461184
0.000463113
0.000466078
0.000464619
0.000503662
0.000461908
0.000461997
0.000461365
0.000461541
0.00046146
0.000461288
0.000463265
0.000461418
0.000461349
0.000461748
0.000461584
0.00046377
0.000464696
0.000464848
0.000507044
0.000464699
0.000463664
0.000462104
0.000461893
0.000461571
0.000461542
0.000462702
0.000462299
0.000464134
0.000461766
0.0004614
0.00046528
0.000465428
0.000464863
0.00050556
0.000461527
0.00046164
0.000463412
0.000461597
0.000461881
0.000461416
0.000461535
0.000461624
0.000461733
0.000461146
0.000463388
0.000464749
0.000465411
0.000503831
0.000463619
0.000461532
0.000461477
0.000461903
0.000461772
0.000463536
0.000461729
0.000461476
0.000462274
0.000462203
0.000462392
0.000462165
0.00046565
0.000467136
0.000503834
0.000464187
0.000462321
0.000461762
0.000461756
0.00046173
0.000461701
0.000461767
0.000463483
0.000461921
0.000461817
0.000461698
0.000461996
0.000466165
0.000465045
0.000505642
0.000463094
0.0004639
0.000461821
0.000461762
0.00046144
0.000461394
0.000461639
0.000461277
0.000461262
0.000463304
0.000461451
0.000461636
0.000464191
0.000464401
0.000504387
0.000462463
0.000465303
0.000464613
0.000497685
0.000462821
0.000462317
0.000462038
0.000462705
0.000461477
0.000461337
0.00046168
0.000527391
0.000466887
0.000466051
0.000504779
0.00046332
0.000461603
0.000461537
0.000461981
0.000462761
0.000504545
0.000462218
0.000461535
0.000461886
0.000461597
0.000461867
0.000463669
0.000466062
0.000506192
0.000506288
0.000462065
0.000461906
0.000465637
0.000486226
0.000652022
0.000747153
0.000531064
0.000501239
0.000484355
0.000628003
0.000480602
0.000471418
0.00055366
0.00111834
0.000463809
0.000461654
0.000462533
0.000463356
0.000462581
0.000462121
0.000464256
0.000503387
0.000466621
0.000469469
0.000468292
0.000507023
0.000462983
0.000461443
0.000461461
0.000464133
0.000461671
0.000461643
0.000461407
0.000461254
0.000461257
0.000462385
0.000463384
0.000464583
0.000470278
0.000466312
0.000503969
0.000462464
0.000461918
0.000461456
0.000461383
0.000461516
0.000501282
0.000461791
0.000461283
0.000461246
0.000461752
0.000461641
0.000463366
0.00046447
0.000465141
0.000506962
0.00046209
0.000461169
0.000461211
0.000461508
0.000461141
0.000461269
0.000461506
0.000505319
0.00053961
0.000566373
0.000481365
0.00047745
0.000468341
0.000511858
0.000463947
0.000589348
0.000464628
0.000462649
0.000462176
0.000461611
0.000461576
0.000461607
0.000461574
0.000461355
0.000513396
0.000464311
0.000467647
0.000464819
0.00050239
0.00046188
0.000461498
0.000461223
0.000514603
0.000461601
0.000461952
0.000461667
0.000462095
0.000461408
0.000461223
0.000461436
0.000464784
0.00050277
0.000506139
0.000462998
0.000461579
0.000462112
0.000462802
0.000461961
0.000462426
0.000513382
0.000461914
0.000461233
0.000461198
0.000461832
0.000466504
0.000469449
0.000467304
0.000505848
0.000513292
0.000461414
0.000461104
0.00046136
0.000461613
0.000461418
0.000461702
0.000461511
0.000506408
0.000461811
0.000461555
0.000463597
0.000464939
0.000464367
0.00050255
0.000462928
0.00046161
0.000503855
0.00046278
0.000461775
0.000461131
0.000461407
0.000461529
0.00046121
0.000461332
0.000463556
0.000463273
0.000464761
0.000464974
0.000505734
0.000462605
0.00046177
0.000461577
0.000461757
0.000500968
0.000461543
0.000461502
0.000461345
0.000461736
0.000461971
0.0004616
0.0004639
0.000510956
0.000514759
0.000491773
0.000491642
0.000490646
0.000472855
0.000465952
0.000463571
0.000462062
0.000507295
0.000462768
0.000474258
0.000480669
0.00059507
0.00049288
0.000613398
0.000602231
0.000491224
0.000483815
0.000472793
0.00046607
0.000461893
0.000461708
0.00046131
0.000461165
0.000513216
0.000462653
0.000511244
0.000477891
0.00066689
0.000468106
0.000462166
0.000464106
0.000496212
0.000461035
0.000461142
0.000461453
0.000461206
0.000461034
0.0004615
0.00046102
0.000502665
0.000467031
0.000465927
0.000505367
0.000463029
0.00046177
0.000461862
0.000461777
0.000461825
0.000506218
0.00046181
0.000461209
0.000461352
0.00046173
0.000461466
0.000463497
0.000467583
0.000507422
0.000506002
0.000462586
0.000462472
0.00046221
0.000466686
0.000485302
0.000485623
0.000531011
0.00049047
0.000524071
0.000496488
0.00048463
0.000639028
0.000476486
0.00102021
0.000509724
0.000463037
0.000461791
0.000461685
0.000461166
0.000461129
0.000461005
0.000543631
0.000467962
0.000498445
0.000473555
0.000470152
0.000519104
0.000481746
0.000487561
0.000627773
0.000642792
0.000491746
0.000474902
0.000464219
0.000461451
0.000463726
0.000464253
0.000514127
0.000473568
0.000469254
0.000512651
0.00046311
0.000461203
0.000461377
0.000461553
0.000461081
0.00050253
0.000462487
0.000462278
0.000462045
0.000462706
0.000462287
0.000467192
0.000467858
0.000509504
0.00050719
0.000462894
0.000462444
0.00046168
0.00046163
0.000461304
0.000461289
0.000461347
0.000504609
0.000461373
0.000461684
0.000483101
0.000474612
0.000475234
0.000515151
0.000473749
0.000473826
0.000471885
0.000472283
0.000471888
0.000471687
0.000471463
0.000471121
0.000471457
0.000472056
0.000472879
0.000472702
0.000474583
0.000475496
0.000513367
0.000473015
0.000471549
0.000471645
0.000474088
0.00047448
0.00047629
0.00047529
0.000472973
0.000472567
0.000470972
0.000471015
0.000479543
0.000479275
0.000520112
0.000475256
0.000472302
0.00047222
0.000474254
0.000473369
0.000472806
0.000476489
0.000472641
0.000471909
0.00047141
0.000472273
0.000471923
0.000477367
0.000475515
0.000520501
0.000472905
0.000472237
0.000471377
0.000471513
0.000471366
0.000471257
0.000471537
0.000471314
0.000473581
0.000471543
0.000471518
0.000473538
0.000476135
0.000475266
0.000512911
0.000472034
0.00047397
0.000471552
0.000471068
0.000471296
0.000472337
0.000472117
0.000472296
0.000472043
0.000473847
0.000471758
0.000475186
0.000476047
0.000516711
0.000472667
0.000471814
0.000471751
0.000471903
0.000474129
0.00047269
0.000471261
0.000471428
0.000471524
0.000471411
0.000471534
0.000472569
0.000476888
0.000474146
0.000513828
0.000472844
0.000471821
0.000471536
0.000471817
0.000471168
0.000471116
0.000473367
0.000471359
0.000472094
0.000472801
0.000471774
0.000474288
0.000474734
0.000514216
0.000477733
0.000483873
0.000703475
0.000488994
0.000482401
0.000475852
0.000474781
0.000473113
0.000476294
0.000471717
0.000471967
0.000478739
0.000479778
0.000753729
0.000522878
0.000475421
0.000476107
0.000473532
0.000472924
0.000471978
0.000471628
0.00047127
0.000471654
0.000471477
0.00047384
0.000476848
0.000476393
0.000518256
0.000474434
0.000471276
0.000471069
0.000471689
0.000473416
0.000471469
0.000471786
0.000473666
0.000473962
0.00047307
0.000472956
0.000475697
0.000477643
0.000479247
0.000517504
0.0004727
0.000471846
0.000472747
0.000473009
0.000472481
0.000471984
0.00047385
0.000471571
0.000471395
0.000471558
0.000471905
0.000474516
0.00047625
0.0004758
0.000514312
0.000474032
0.000471241
0.00047142
0.000471378
0.000471137
0.000471049
0.000471118
0.000471363
0.000473324
0.000471855
0.000472073
0.000475459
0.00047406
0.000513586
0.000473496
0.000471897
0.000473675
0.000471533
0.000471248
0.000471348
0.000471374
0.000471199
0.000471818
0.000471688
0.000471352
0.000475602
0.000474782
0.000474442
0.000514968
0.000472595
0.000472268
0.000471206
0.000471452
0.000584401
0.000473311
0.000471863
0.000472398
0.000471412
0.000471352
0.00047156
0.000474918
0.000523224
0.00051938
0.000474297
0.000580349
0.000509945
0.000462277
0.000461615
0.000461506
0.000461869
0.000463684
0.000461695
0.000461149
0.000538173
0.000466003
0.000465256
0.000507909
0.000463701
0.000464208
0.000461665
0.000461102
0.000461762
0.000461663
0.000461261
0.000461662
0.000461242
0.000461224
0.000463071
0.000461703
0.000465425
0.000465374
0.000508806
0.000464703
0.00046244
0.000462468
0.00050312
0.000461987
0.000461277
0.000461316
0.000461824
0.000461175
0.00046122
0.00046164
0.000462495
0.000501884
0.00046944
0.000511978
0.000464892
0.000461789
0.000461336
0.000461168
0.000461465
0.000463484
0.000461461
0.00046119
0.00046129
0.0004614
0.000461816
0.000463154
0.000465921
0.000464683
0.000509482
0.000463363
0.000461391
0.000461435
0.000461477
0.000461437
0.000461146
0.000461424
0.000463638
0.000461404
0.000461143
0.000461634
0.000462361
0.000465677
0.000464442
0.000506083
0.00046245
0.000463345
0.000461824
0.000461197
0.000461684
0.000461365
0.000461763
0.000461732
0.000461763
0.00046113
0.000462886
0.00046517
0.00046663
0.000466498
0.000509798
0.000462274
0.000461403
0.000461602
0.000508212
0.000461797
0.000461106
0.000461656
0.000461715
0.000494131
0.000461925
0.000462399
0.000466572
0.000500811
0.000506651
0.000463391
0.000461783
0.000461235
0.000461118
0.000461022
0.000461551
0.000463283
0.000461384
0.000461605
0.000461681
0.00046133
0.00046278
0.000467302
0.000466425
0.000509809
0.000500647
0.000465483
0.000463332
0.000463338
0.000462216
0.000461446
0.000461325
0.000461781
0.000504423
0.000461638
0.000461329
0.000598338
0.000466204
0.00046603
0.000509574
0.000462007
0.000502944
0.000461957
0.000461464
0.000461662
0.000461583
0.000461514
0.000461392
0.000461056
0.000461162
0.000463011
0.000463936
0.000464475
0.000464156
0.000507267
0.000461724
0.000461279
0.000461299
0.000463616
0.000461454
0.000461392
0.000461625
0.000461856
0.000461275
0.000461837
0.000462101
0.000464848
0.000468257
0.000464233
0.000506518
0.000461845
0.00046138
0.000461658
0.000461851
0.000461471
0.000461234
0.000466186
0.000462167
0.000462884
0.000462566
0.00046201
0.000465066
0.000464378
0.000507237
0.00046589
0.000461713
0.000461268
0.000461677
0.000461779
0.000461363
0.000461438
0.000461247
0.000461288
0.000463238
0.000461539
0.000461152
0.000463636
0.00046449
0.000505612
0.000464125
0.000461534
0.000501453
0.000461825
0.000461586
0.000461826
0.000461521
0.000461594
0.000462637
0.000462576
0.000462116
0.000513499
0.000465398
0.000464963
0.000508982
0.00046312
0.000461677
0.00046158
0.000461816
0.000500593
0.000461949
0.000461195
0.000462072
0.00046133
0.000461607
0.000461681
0.000462953
0.00046567
0.00050652
0.000507323
0.000464948
0.000462723
0.000461815
0.000461659
0.000462128
0.000461326
0.000503804
0.000461514
0.00046151
0.000461613
0.000461965
0.000465047
0.000466094
