0.00464109
0.00463945
0.00464625
0.00468273
0.00467656
0.00465592
0.00464607
0.00464351
0.00464063
0.00465314
0.00469511
0.00461847
0.0045816
0.0045872
0.00458084
0.00457876
0.00454048
0.00464656
0.00486295
0.00461474
0.00466414
0.00459171
0.00454446
0.00458038
0.00457624
0.00458182
0.00480176
0.00460742
0.00460324
0.00479275
0.00457735
0.00457773
0.00457757
0.00458786
0.00458108
0.00454148
0.00454111
0.00453915
0.00453719
0.00453707
0.00453862
0.00453722
0.0047567
0.00458657
0.00461387
0.00457481
0.0045903
0.00463516
0.0045753
0.00459967
0.00461598
0.00458773
0.00458043
0.00453912
0.00453837
0.00453912
0.00453798
0.00461265
0.00457782
0.00456925
0.00458212
0.00454074
0.00458794
0.00459775
0.00455438
0.00454954
0.0045423
0.00453971
0.00457919
0.00458828
0.00458443
0.00458049
0.00459048
0.00458241
0.00459245
0.00454106
0.00453893
0.00454026
0.00462173
0.00457343
0.00453982
0.0045421
0.0045454
0.00454197
0.00453974
0.00453917
0.00453997
0.00454022
0.00454116
0.00454052
0.00454066
0.00453803
0.00458047
0.00457922
0.00461308
0.00462416
0.0045824
0.00453845
0.00441685
0.00457346
0.00454012
0.00445131
0.00455853
0.0046214
0.00448969
0.00443112
0.0043921
0.00441875
0.00467175
0.00485642
0.0045733
0.00467844
0.00443135
0.00448866
0.00445822
0.00439623
0.00455236
0.00442939
0.00439566
0.0044433
0.00454675
0.00454024
0.00462207
0.00458666
0.00457967
0.00453813
0.00453884
0.0045398
0.00453819
0.00453796
0.00461377
0.00467619
0.00459159
0.00458397
0.00469517
0.00460291
0.00463765
0.00454187
0.00457927
0.00458692
0.00458488
0.00458144
0.00458483
0.0046161
0.00454017
0.00458229
0.00457951
0.00454029
0.00454165
0.00457861
0.00454072
0.00457752
0.00453866
0.00453911
0.00453933
0.00453739
0.00453902
0.0045846
0.00453852
0.0045394
0.00468072
0.00473751
0.00474029
0.00477595
0.00482859
0.00480424
0.00462208
0.00457909
0.00455052
0.00458261
0.00453813
0.00454227
0.00463562
0.00474406
0.0046035
0.00455033
0.0045419
0.00454234
0.00454124
0.00453898
0.00454056
0.00453824
0.00453864
0.00458134
0.00453926
0.00453735
0.00453887
0.00453783
0.00461152
0.00458446
0.00457456
0.0045932
0.00455309
0.00454482
0.00457945
0.0045807
0.00455107
0.0048167
0.00462456
0.00458249
0.00459025
0.00458831
0.00457974
0.00453958
0.00458423
0.00458565
0.00453994
0.00453927
0.00453912
0.00454187
0.00454297
0.00458169
0.00454111
0.00453865
0.00453801
0.00453798
0.00454756
0.00453833
0.00461747
0.0047115
0.00458214
0.00475902
0.00467689
0.00460487
0.00455194
0.00454117
0.00458209
0.00458955
0.00453962
0.00453782
0.00457445
0.00453724
0.00458087
0.00458796
0.00476002
0.00467142
0.00461319
0.00467003
0.00458775
0.00462558
0.00454663
0.00454112
0.00454112
0.00457239
0.00458038
0.00458343
0.00457235
0.00454174
0.00457789
0.00458038
0.00454038
0.00454592
0.00458057
0.00453911
0.00454085
0.00454075
0.00453936
0.00453967
0.00453729
0.00453957
0.00457927
0.00453934
0.0045413
0.00454064
0.00453787
0.00453946
0.00454144
0.00454142
0.00453936
0.00454014
0.00458135
0.00458591
0.00454096
0.00437314
0.0044844
0.00442463
0.00439097
0.00479725
0.00460919
0.00441095
0.00442349
0.00441801
0.00442627
0.00448951
0.0043885
0.00464914
0.00455223
0.00444138
0.00444303
0.00444163
0.00439189
0.00447877
0.00443794
0.00457699
0.00442136
0.00448221
0.00453831
0.00471583
0.00473063
0.0047307
0.00476219
0.00465085
0.00480013
0.00465583
0.00465233
0.00459695
0.00457773
0.00460827
0.00457943
0.00464249
0.00468007
0.00457529
0.00470501
0.00464573
0.00459298
0.00457584
0.00456822
0.00463723
0.00463656
0.00463527
0.0046353
0.00463562
0.0046393
0.00464051
0.00464064
0.00463665
0.00464695
0.00465085
0.00464672
0.0046421
0.00463796
0.00463849
0.0046395
0.00463812
0.00463719
0.00463751
0.0046386
0.00463628
0.00453516
0.00442138
0.0044292
0.004412
0.00442085
0.00440966
0.00443702
0.00439158
0.00438808
0.00439021
0.00457964
0.00439203
0.00444762
0.00443873
0.00439521
0.00449112
0.00435949
0.00452321
0.00443906
0.00449858
0.00442046
0.00450434
0.00483332
0.0045799
0.00460445
0.00454662
0.00454442
0.00453855
0.00466725
0.00458568
0.00463823
0.00458415
0.00458348
0.00453827
0.00453838
0.0045384
0.00463643
0.00462132
0.00454077
0.00454131
0.00454088
0.00456963
0.00461779
0.00458479
0.00454413
0.00453925
0.00458173
0.00454034
0.0045388
0.00453925
0.00453894
0.00454052
0.00453885
0.00457535
0.00457712
0.00458597
0.00453956
0.00457719
0.00461653
0.00471091
0.00453989
0.0045742
0.00464647
0.00457627
0.00454057
0.00457624
0.00453935
0.00453832
0.00453788
0.0045383
0.00453852
0.00453764
0.00461939
0.0045825
0.00453996
0.00453874
0.00453939
0.00453779
0.00453814
0.00453886
0.0045376
0.00458103
0.00458499
0.00454477
0.00462404
0.00463459
0.00467269
0.00460531
0.00458322
0.00457603
0.00458399
0.00454046
0.00459128
0.00461372
0.00457978
0.00463578
0.0047425
0.00472643
0.00478215
0.00481687
0.00493929
0.00462277
0.00466695
0.0046139
0.00464011
0.00459222
0.00458888
0.00459243
0.00458054
0.0045904
0.00464494
0.00464073
0.00463997
0.00463751
0.00463677
0.00463811
0.00464115
0.00464474
0.00464262
0.00464362
0.00465292
0.00465132
0.004641
0.00464443
0.00464472
0.00464062
0.00464158
0.00464382
0.00464113
0.00463949
0.00464
0.00465416
0.00453793
0.00454102
0.00453904
0.00454115
0.00454099
0.00453975
0.00454027
0.00454031
0.00453771
0.00454542
0.00458735
0.00458221
0.00454298
0.0045383
0.0050353
0.00462534
0.00460265
0.00467246
0.00464017
0.00458815
0.00454103
0.00454293
0.00453963
0.00453767
0.0045385
0.00458636
0.00453908
0.00468867
0.00459041
0.00454058
0.00458657
0.00458066
0.0046296
0.00453985
0.00454122
0.0047637
0.00459002
0.00458265
0.00463057
0.00458039
0.00457244
0.00459246
0.00459495
0.0046036
0.00459404
0.00463528
0.00457776
0.00459157
0.00454418
0.00454511
0.00458081
0.00454167
0.00454169
0.00462296
0.00454578
0.00454086
0.00458123
0.00458474
0.00453884
0.00454043
0.00453916
0.00457533
0.00458342
0.00458334
0.00453937
0.00454111
0.00454019
0.00453712
0.0045755
0.00454199
0.00454138
0.00458463
0.00454073
0.00461341
0.00458474
0.00454293
0.00454562
0.00471629
0.00461649
0.00460845
0.00463038
0.00454648
0.00454702
0.00454417
0.0045399
0.0045425
0.0045396
0.00453963
0.00457569
0.0045776
0.0047186
0.00459569
0.00459533
0.00458664
0.00461552
0.00458253
0.00461302
0.00458108
0.00457543
0.00457647
0.00453799
0.00457641
0.004649
0.00458219
0.00459426
0.00460987
0.00458183
0.00474961
0.00458307
0.00458927
0.0045868
0.00459419
0.00458839
0.00458329
0.00463621
0.00454201
0.00458413
0.00459085
0.00458944
0.00455638
0.00455255
0.00454692
0.00453898
0.0045394
0.00453949
0.00453888
0.00453976
0.00454023
0.00453884
0.00453779
0.00453887
0.00453793
0.00458194
0.00453907
0.00453863
0.00457995
0.00458058
0.0045798
0.0045779
0.00461477
0.00465822
0.00460622
0.00455508
0.00454441
0.00454221
0.00454219
0.00454002
0.00453992
0.00453834
0.00453833
0.0045445
0.00454187
0.0045398
0.00453954
0.00453899
0.0045378
0.00453908
0.00457939
0.00458602
0.00454255
0.00458149
0.00458095
0.0046886
0.00455259
0.00455422
0.00454874
0.00454282
0.00458269
0.0045437
0.00461161
0.00457874
0.00454369
0.0045397
0.00453865
0.00453929
0.00453845
0.00454019
0.00453948
0.00454027
0.00457903
0.00453938
0.00453671
0.0045377
0.00453868
0.0045407
0.00454181
0.00453983
0.00454079
0.00463519
0.00461592
0.00467461
0.00475768
0.00466598
0.00459307
0.00499739
0.00470701
0.00459464
0.00458415
0.00463264
0.00457874
0.00458017
0.00466375
0.00463522
0.00462046
0.00456275
0.00454602
0.00454621
0.00454208
0.00453973
0.0045782
0.00457263
0.00458915
0.00461774
0.00458471
0.00454188
0.00454216
0.00454003
0.00457592
0.00453835
0.00458719
0.00458374
0.00454031
0.00453916
0.00454012
0.00454091
0.00455202
0.00464201
0.00459553
0.0045543
0.00455051
0.00454602
0.00458885
0.00457877
0.00458107
0.00457543
0.00453933
0.00453894
0.00458184
0.00453898
0.00454073
0.00454205
0.00454018
0.00454308
0.0045379
0.00458365
0.00461142
0.00460725
0.00462971
0.00458955
0.00459203
0.00508665
0.00459598
0.00459099
0.00457611
0.00458468
0.00458309
0.00458116
0.00475955
0.00461327
0.0046473
0.00458657
0.00454102
0.00454017
0.00457915
0.00461986
0.00461415
0.00464754
0.00455256
0.00459
0.00454069
0.00453947
0.00457691
0.00458955
0.00454273
0.00454011
0.00453908
0.00453774
0.00457714
0.00453754
0.00458194
0.00477651
0.00454163
0.00458122
0.00472972
0.0047718
0.00460915
0.00462365
0.00453823
0.00453868
0.00458562
0.00453818
0.00453871
0.00453815
0.00453959
0.00454048
0.00454061
0.00453966
0.00453876
0.00458355
0.00453924
0.00453906
0.00457661
0.00454091
0.00454211
0.00453926
0.00457527
0.00453893
0.00453865
0.00453967
0.00453871
0.00453945
0.00457866
0.00453979
0.00453768
0.0045373
0.00456523
0.00459345
0.00458187
0.00453921
0.00454269
0.0045833
0.00454439
0.00453964
0.00461766
0.00458307
0.00458615
0.00459609
0.00462711
0.0046172
0.00456304
0.0045488
0.00454114
0.00454175
0.00458896
0.00457724
0.00458111
0.00457989
0.00454151
0.00454204
0.00454027
0.00457612
0.00453987
0.00458309
0.00453845
0.0045408
0.0046148
0.00457831
0.00454137
0.0045386
0.00453993
0.00454219
0.00454146
0.00453907
0.00453868
0.004539
0.00453832
0.00453874
0.00453788
0.00453834
0.00458229
0.00466629
0.00459394
0.00461497
0.00461057
0.00454042
0.00454032
0.00453756
0.00453833
0.00453954
0.00457845
0.00457532
0.00453785
0.00458362
0.00458244
0.00453981
0.00453841
0.00453903
0.00453878
0.00453853
0.00453905
0.00457643
0.00458333
0.00459384
0.00455006
0.00454209
0.0045744
0.00461921
0.00453883
0.00454121
0.0051489
0.00462262
0.00461797
0.00464305
0.00458672
0.00454546
0.00454247
0.0045421
0.00454173
0.00457822
0.00457853
0.00457971
0.00453771
0.00457797
0.00457845
0.00453862
0.00457445
0.0048243
0.00462715
0.0045723
0.00459653
0.00454158
0.00454239
0.0045891
0.00458055
0.00457802
0.00458012
0.00457982
0.00458339
0.00459369
0.00458712
0.0046216
0.00459424
0.00458294
0.00454073
0.00454101
0.00453999
0.00453916
0.00453965
0.0045374
0.00458085
0.00453979
0.00453862
0.00453877
0.00495479
0.00465123
0.00457902
0.00453975
0.0045385
0.00457299
0.00454267
0.00454082
0.00453976
0.00453876
0.00453876
0.00453948
0.00453793
0.0045397
0.00454098
0.00454078
0.00457592
0.00470391
0.00465527
0.00463457
0.00460926
0.00463249
0.0045946
0.00458137
0.00454008
0.00453942
0.00457768
0.00453895
0.00454289
0.00454111
0.00453957
0.00454224
0.00454138
0.00457196
0.00453988
0.00454119
0.00454023
0.00453987
0.00459151
0.00458417
0.00459627
0.0045403
0.00457795
0.0045844
0.00459473
0.00457847
0.00458976
0.00454393
0.00453866
0.00458133
0.00458069
0.00454071
0.00458124
0.00454215
0.00458058
0.00454036
0.00457808
0.00458099
0.00453905
0.00453706
0.00453905
0.00473572
0.00454189
0.00454067
0.00454029
0.00453667
0.00461566
0.00457197
0.00457922
0.00453812
0.00453893
0.0045395
0.00454066
0.00454007
0.00453975
0.00454042
0.00453833
0.0045373
0.00453908
0.00457452
0.00459316
0.0046916
0.0046302
0.00460906
0.00463936
0.00463193
0.00457834
0.00458003
0.00467687
0.00457789
0.00457831
0.00461318
0.00457609
0.00453938
0.00454018
0.00454029
0.00454011
