0.000382003
0.000381206
0.000384195
0.000380821
0.000379338
0.000379536
0.000380161
0.000378655
0.000379792
0.00037847
0.000380246
0.000381391
0.000378584
0.000380268
0.000380868
0.000379296
0.000380259
0.000382119
0.000380832
0.000380423
0.000380444
0.000379848
0.000381062
0.000380901
0.000384137
0.000380775
0.000378802
0.000380045
0.000378674
0.000380044
0.000380805
0.000382259
0.000380741
0.000380212
0.000379117
0.000379908
0.000380397
0.000381049
0.000379958
0.000381456
0.00038097
0.000380695
0.000379798
0.000381751
0.000379858
0.000378554
0.000380744
0.000384238
0.000380895
0.000382427
0.000380071
0.00039541
0.000381945
0.000384076
0.000379688
0.000379674
0.000380166
0.000378917
0.00038016
0.000379636
0.000381852
0.000380905
0.00038207
0.00038205
0.000383293
0.000383751
0.00038016
0.000382114
0.000381072
0.000379674
0.000380014
0.00038175
0.000380615
0.00037989
0.000380866
0.000381427
0.000381033
0.000378574
0.000379625
0.000379609
0.000382243
0.000380661
0.0003802
0.000383749
0.000380177
0.00038226
0.00038023
0.000382879
0.000383612
0.000380216
0.000378927
0.000379289
0.000380185
0.000379858
0.000379406
0.000384258
0.000382642
0.00038033
0.000380434
0.000380065
0.000391114
0.000380878
0.000377866
0.000379839
0.000381459
0.000380161
0.000382617
0.000379977
0.000381632
0.00038148
0.000380414
0.000379936
0.000383056
0.000378912
0.000380335
0.000380935
0.000380457
0.000380337
0.000378326
0.000380321
0.000380745
0.000376517
0.000378784
0.000378396
0.000381437
0.000380254
0.000380251
0.000378627
0.000380482
0.000380096
0.000380532
0.000378497
0.000381202
0.000378637
0.000380364
0.000378743
0.000382263
0.000380343
0.000384903
0.000381943
0.00038262
0.000381085
0.00038301
0.000381195
0.000381879
0.000380845
0.000378258
0.000380833
0.000382302
0.000380395
0.000378665
0.000378529
0.00038109
0.000380633
0.000380096
0.000382484
0.000380484
0.00037851
0.000378421
0.000380686
0.000380449
0.00038112
0.000378448
0.000380377
0.000382684
0.000380293
0.000379898
0.000379721
0.000381256
0.000382483
0.000382351
0.000379377
0.00038028
0.000379686
0.000379069
0.000382626
0.000382465
0.000380231
0.000381055
0.000382107
0.000434243
0.000381147
0.000393988
0.000386252
0.000381533
0.000380267
0.000378155
0.000379899
0.000379023
0.000383803
0.000420591
0.000382167
0.000380826
0.000380224
0.000380549
0.000382426
0.000380479
0.00037999
0.000379925
0.000379536
0.000429633
0.000382463
0.000379112
0.000380618
0.000379423
0.000379819
0.000379832
0.000378208
0.000379402
0.000379616
0.000380648
0.000408339
0.000378555
0.000381256
0.000377523
0.00037965
0.000382018
0.000377134
0.000381202
0.000380688
0.000380493
0.000423517
0.000379462
0.000380565
0.000381037
0.000380572
0.000381443
0.000377119
0.000380871
0.000380781
0.00037814
0.000380919
0.000382706
0.000379402
0.000379526
0.000380667
0.000381731
0.000382835
0.000380261
0.000382433
0.000381935
0.000379142
0.000380825
0.000382342
0.000382024
0.000380704
0.000379347
0.000380587
0.000379502
0.000380264
0.000379618
0.000380024
0.000380117
0.000379111
0.000381758
0.000378703
0.000378243
0.000380778
0.000379416
0.000378785
0.000382558
0.000379664
0.000380943
0.000379756
0.000381123
0.000384891
0.000381462
0.000383113
0.000383176
0.000380512
0.000379726
0.000382863
0.000385501
0.000379945
0.000414933
0.000380778
0.000380137
0.000380152
0.000380707
0.000378882
0.000382582
0.000378853
0.000378051
0.000402507
0.000400328
0.000380275
0.000382107
0.000380419
0.000380566
0.000379008
0.000378471
0.000381938
0.000380289
0.000379028
0.000380719
0.000380658
0.000380307
0.000380693
0.000382557
0.000382908
0.000383239
0.000382864
0.000380518
0.00037855
0.000380529
0.000418522
0.000379999
0.000391619
0.000381469
0.000380334
0.000380035
0.000398786
0.000384747
0.000379621
0.000381703
0.000414921
0.00038337
0.000378876
0.000381068
0.000383489
0.000380405
0.000379871
0.000380053
0.000379456
0.000381008
0.000381137
0.000379242
0.000381188
0.00038103
0.000378605
0.000380823
0.000380425
0.000382073
0.000380696
0.000378859
0.000380531
0.000382333
0.000381357
0.000387358
0.000379369
0.000382449
0.000378415
0.000378673
0.000377843
0.000379658
0.000377243
0.000380241
0.000412185
0.000380536
0.000380535
0.000382324
0.000385357
0.000381796
0.000380037
0.000379198
0.000378298
0.000382569
0.000421475
0.000379526
0.000381645
0.000380225
0.000382194
0.000380902
0.000379592
0.000381485
0.000401251
0.000424115
0.00046626
0.000427399
0.000431866
0.000416674
0.000411699
0.000413696
0.000449221
0.000418398
0.000421664
0.000416859
0.000440685
0.000406748
0.000405749
0.000384685
0.000388325
0.000378794
0.000379956
0.000381476
0.000379355
0.000379323
0.000419267
0.000388199
0.000386741
0.000400815
0.000388485
0.000380908
0.000380712
0.000380364
0.000379888
0.000378708
0.000422948
0.000381498
0.000385072
0.000379921
0.000380168
0.000383389
0.000385049
0.000381081
0.000389914
0.00038286
0.000385221
0.000407633
0.000380729
0.000381783
0.00038045
0.000380972
0.000379624
0.000381763
0.000380098
0.000380546
0.000379298
0.000420706
0.000380665
0.000382246
0.000380222
0.000379315
0.000379902
0.000381087
0.000378748
0.000383441
0.000380828
0.000418327
0.000380239
0.000380304
0.000382124
0.000380861
0.000377426
0.00037767
0.000379665
0.000381463
0.000384032
0.000381176
0.000413233
0.000380515
0.000380269
0.00037857
0.000382191
0.000382708
0.000382641
0.000378218
0.000380533
0.000380894
0.00042155
0.000379715
0.000382645
0.000382058
0.00038009
0.000386822
0.000378603
0.000380839
0.000380107
0.000381759
0.000382792
0.000394091
0.000380086
0.000380875
0.000378396
0.000379529
0.000379591
0.000378464
0.000380366
0.000382243
0.000378325
0.000420586
0.000379338
0.000379014
0.000380094
0.000378477
0.000380171
0.000379901
0.000379502
0.000378835
0.000380174
0.000382944
0.000381731
0.000379981
0.000380388
0.000381518
0.000379689
0.000380115
0.000380127
0.000381368
0.000383342
0.000381391
0.000381164
0.000382074
0.00038035
0.000379835
0.000379749
0.000381108
0.000378573
0.000381259
0.000383742
0.000381143
0.000407405
0.000417883
0.000428459
0.000398769
0.000414562
0.000418427
0.00045369
0.000411879
0.000425269
0.000418313
0.000526095
0.000380135
0.000385065
0.000379877
0.000388989
0.000418235
0.000380094
0.000380986
0.000380428
0.000382059
0.000415867
0.000380159
0.000382831
0.000379236
0.000388348
0.000464204
0.000388179
0.000382697
0.000380947
0.000406358
0.000472176
0.000384947
0.000442493
0.000379792
0.00038021
0.000380131
0.00038184
0.000379362
0.000380972
0.000379456
0.00041183
0.000379826
0.000379091
0.000379631
0.000380097
0.000379816
0.000380545
0.000381611
0.000379773
0.000380015
0.000477453
0.000380103
0.000380006
0.00038057
0.000381033
0.000378555
0.000389668
0.000382271
0.00038088
0.000378708
0.00037881
0.000409562
0.000382067
0.000381663
0.000379818
0.000380158
0.000380538
0.000379764
0.00038325
0.000380576
0.000381183
0.000429135
0.000379842
0.000379848
0.000381438
0.000380672
0.000380644
0.000379572
0.000379484
0.000380414
0.000378953
0.000381876
0.000379739
0.000381478
0.000379381
0.000381444
0.000384178
0.000378619
0.000377855
0.000378109
0.000379014
0.000381622
0.000381432
0.00038133
0.000382722
0.000380844
0.000379648
0.000378999
0.000382815
0.000380413
0.000378781
0.000379828
0.000380901
0.000380735
0.00038159
0.000380898
0.000380839
0.000380844
0.000379333
0.000379171
0.000380647
0.000378548
0.000382994
0.000382664
0.000380093
0.000378715
0.000378806
0.000379664
0.000379657
0.000381427
0.000380932
0.000380405
0.000381612
0.000381992
0.000379977
0.000380513
0.000382458
0.000380279
0.00037906
0.000379963
0.000380312
0.000379039
0.000378847
0.000379393
0.000383164
0.000380234
0.000378381
0.000378379
0.00042105
0.000414289
0.000398517
0.000411216
0.000389388
0.000417522
0.000441916
0.000420572
0.00042349
0.000411568
0.000418006
0.000638604
0.0004793
0.000477884
0.000601026
0.00046227
0.000378368
0.000380934
0.000401552
0.000386999
0.000399378
0.000381916
0.000381144
0.000380558
0.000382718
0.000400803
0.000380077
0.000446249
0.00046129
0.000379679
0.00038049
0.000379625
0.000382387
0.000389804
0.000382869
0.000452946
0.000385383
0.00037947
0.00038019
0.000381439
0.000382827
0.000377809
0.0003804
0.000379309
0.000379472
0.000429003
0.000380671
0.000379749
0.000380199
0.000381568
0.000379906
0.000382119
0.00038507
0.000547041
0.000458362
0.000446019
0.000380029
0.000386254
0.000381912
0.000379512
0.000380267
0.000396622
0.000393158
0.000448692
0.000381886
0.00038308
0.000380368
0.000383324
0.000381313
0.000381265
0.000379822
0.000460529
0.000381538
0.00038317
0.000505354
0.00038028
0.000386541
0.000395957
0.000380913
0.00037978
0.000379002
0.000381484
0.000379306
0.000379206
0.000381999
0.000382211
0.000380183
0.000379149
0.000385137
0.000381411
0.000380483
0.000380537
0.000382796
0.000379768
0.000380853
0.000379465
0.000383144
0.0003802
0.00038095
0.00038237
0.000383165
0.000380018
0.000378791
0.000378723
0.000384064
0.00038043
0.000382095
0.000381433
0.000379854
0.000380769
0.000379896
0.00038099
0.000380113
0.000378917
0.000379999
0.000380306
0.000378927
0.000381359
0.000379969
0.000380141
0.000380799
0.000379707
0.000379927
0.00038552
0.000380625
0.000386689
0.000379538
0.000418437
0.000380241
0.000382612
0.000379488
0.000379409
0.000382165
0.000380972
0.000378451
0.000380664
0.000380548
0.00038406
0.000382794
0.000380818
0.00038208
0.000380934
0.000380494
0.000384657
0.000380748
0.000379529
0.000380307
0.000379957
0.000382617
0.000381281
0.000380587
0.000378954
0.000380222
0.000382069
0.00037864
0.000381222
0.000380306
0.000376775
0.000381485
0.000380697
0.000380028
0.000381797
0.000378989
0.000378366
0.00037908
0.000379771
0.000380288
0.000378488
0.000377866
0.000383007
0.000379928
0.000380679
0.000380679
0.000382062
0.000378576
0.000378403
0.000377935
0.000381859
0.000378232
0.000431832
0.000382009
0.000380303
0.000379414
0.000381231
0.00038157
0.000381278
0.000380389
0.000380077
0.00038133
0.00038248
0.000425239
0.000380821
0.00038213
0.000380586
0.000378579
0.000380333
0.000380812
0.000380319
0.000380764
0.00038581
0.000420699
0.000378613
0.000381084
0.000378713
0.000379107
0.000379999
0.000378564
0.000378721
0.000381412
0.000379807
0.000379458
0.000380654
0.000379293
0.000378619
0.000379939
0.000381228
0.000379776
0.000380748
0.000381967
0.000381292
0.000380213
0.00038495
0.000380003
0.000380215
0.00038121
0.000382627
0.000388935
0.000382104
0.000384295
0.00038144
0.000380131
0.000380087
0.000380081
0.000380052
0.000383747
0.000379599
0.000379397
0.000381838
0.000378337
0.000379672
0.000378593
0.000381149
0.000382216
0.000378759
0.000382917
0.00038267
0.000380054
0.000380359
0.000379287
0.000377739
0.000379764
0.000380485
0.000383862
0.000382881
0.000381872
0.000377944
0.000378798
0.000380483
0.000379934
0.000379667
0.000379458
0.000382393
0.000378707
0.000381469
0.000377754
0.000381243
0.000379571
0.000378918
0.000379327
0.000382742
0.000379539
0.000381934
0.000380688
0.000382543
0.000379248
0.000381548
0.000380328
0.000384674
0.000380337
0.000380902
0.000380513
0.000380256
0.000383217
0.000379876
0.000448099
0.000381237
0.000380611
0.0003823
0.000380675
0.000380861
0.000379918
0.000381303
0.000379282
0.000381381
0.000381264
0.000394832
0.000379796
0.000379912
0.00038057
0.000379906
0.000382188
0.000380992
0.000378047
0.000379558
0.000380096
0.00041607
0.000380631
0.000379387
0.000380304
0.000380013
0.000381831
0.000379772
0.000380545
0.000382839
0.000378952
0.00038191
0.000378634
0.000380881
0.000380554
0.000381433
0.000379039
0.000379348
0.000381886
0.000379981
0.000383397
0.000482409
0.000386015
0.00037947
0.000380533
0.000381206
0.000377198
0.000378836
0.000382893
0.00038331
0.00038156
0.000380727
0.0004172
0.000380166
0.000380323
0.000379583
0.000379228
0.000379457
0.000379173
0.000381222
0.000379119
0.000379703
0.000379168
0.000388638
0.000382941
0.000380326
0.000379906
0.000381126
0.000380533
0.000382053
0.000380356
0.000379992
0.000379984
0.000383968
0.000380411
0.000380489
0.000379044
