0.000521566
0.000384532
0.000380937
0.000379187
0.000382127
0.000381905
0.00038023
0.000381192
0.000441651
0.000385402
0.000380704
0.000382199
0.000382972
0.000382071
0.000380095
0.000381068
0.000386476
0.000382248
0.000382681
0.000382037
0.000382794
0.000379204
0.000378265
0.000378994
0.000378312
0.000378957
0.000382167
0.000380158
0.000380375
0.000381468
0.000380455
0.000380446
0.000380437
0.000382131
0.000380649
0.000379765
0.000382399
0.000381602
0.000381057
0.000382504
0.000381293
0.000381179
0.00037949
0.000380419
0.000384236
0.000386896
0.000380557
0.000380177
0.000380351
0.000381136
0.000389184
0.000391027
0.000381716
0.000383272
0.000383663
0.00038126
0.000382692
0.000390408
0.000388929
0.000379278
0.000411299
0.000382849
0.000381506
0.000384901
0.000382164
0.000379066
0.000380391
0.000379948
0.000382001
0.000382007
0.000381131
0.000384771
0.000381839
0.000382116
0.000381628
0.00037892
0.00038009
0.000379081
0.000380801
0.000379993
0.000381612
0.000417843
0.000381693
0.000379943
0.000382591
0.000382431
0.00037837
0.000378508
0.000379975
0.000381448
0.000386022
0.000407379
0.000384163
0.000381572
0.000379776
0.000379504
0.000382033
0.000380793
0.000380482
0.000382063
0.000381774
0.000382231
0.000422634
0.000379168
0.000381032
0.000379373
0.000380576
0.000378947
0.000380366
0.000378667
0.000381205
0.000379839
0.000385245
0.000382209
0.000387513
0.000381351
0.000381158
0.00038312
0.00037912
0.000382589
0.000383168
0.000383299
0.000380939
0.000379951
0.000380685
0.000383133
0.000379741
0.000378364
0.000380008
0.000384759
0.00038254
0.000379242
0.000379927
0.000382812
0.000380438
0.000382495
0.000381481
0.000382524
0.000379651
0.000381108
0.000378522
0.000381824
0.000379601
0.000379677
0.000413746
0.000380343
0.000379982
0.000379529
0.000380625
0.0003822
0.000379165
0.000380102
0.000382202
0.000382559
0.000409927
0.00038081
0.00038006
0.000380784
0.000379981
0.000379139
0.000380959
0.00038227
0.00037926
0.000379492
0.000380888
0.00038184
0.000380809
0.00038107
0.000382962
0.000379465
0.000380928
0.000381893
0.000379839
0.000396453
0.000380866
0.000381694
0.000379715
0.000378898
0.000380937
0.000381725
0.000380346
0.00037795
0.000378996
0.000380082
0.000379367
0.000382039
0.000380689
0.000380076
0.000381176
0.00038641
0.000382534
0.000383917
0.000384281
0.000378893
0.0003816
0.000425469
0.000391248
0.000382972
0.000380379
0.000379978
0.00037935
0.000382156
0.000381022
0.000381979
0.000379676
0.000381076
0.000419374
0.000378432
0.000382295
0.000379542
0.000380511
0.000381801
0.000406524
0.000417735
0.000404963
0.000410085
0.000455673
0.000445378
0.000409422
0.000413758
0.000420702
0.000580101
0.000382621
0.000379433
0.000399837
0.000409675
0.000393353
0.000378631
0.000380378
0.000380299
0.000378648
0.00038245
0.00038241
0.00039241
0.000622477
0.000382895
0.00038486
0.000379747
0.000381765
0.00039839
0.000380209
0.000379806
0.000399041
0.000385044
0.000380309
0.000381307
0.000420923
0.000380441
0.000380433
0.000383166
0.000379872
0.000380815
0.000380128
0.000382718
0.00038059
0.00037969
0.000434258
0.000383233
0.000377811
0.000379746
0.000389794
0.000381608
0.000379599
0.00038116
0.00037905
0.000382565
0.000380552
0.000381474
0.000380814
0.000383009
0.000380183
0.000380316
0.000379248
0.00039307
0.000378681
0.000379301
0.000382042
0.000382716
0.000387204
0.00039694
0.000382762
0.000385208
0.00038412
0.000381082
0.000380511
0.000382785
0.000378699
0.000441411
0.000381868
0.000381116
0.00037989
0.000378906
0.000380521
0.00038015
0.00037968
0.000380244
0.000454164
0.000478648
0.000380953
0.000381197
0.000381286
0.000403193
0.000387248
0.000377602
0.000381592
0.000379823
0.000381288
0.000379463
0.000413457
0.000380873
0.00038046
0.000381353
0.000379762
0.000381711
0.000382396
0.000379651
0.000380603
0.000379724
0.000429009
0.000382026
0.000380891
0.000381715
0.000381491
0.000381086
0.000382685
0.000380188
0.000382087
0.000379516
0.000383566
0.00040044
0.000381489
0.000379626
0.000381255
0.000381105
0.00037996
0.000381661
0.000380993
0.000380283
0.000382464
0.000415871
0.000383017
0.000382186
0.000382844
0.000379336
0.000380407
0.000381158
0.000379279
0.000379125
0.000384382
0.00038373
0.000386311
0.000379594
0.000380637
0.000379986
0.000379981
0.000379983
0.00038227
0.000380314
0.000384627
0.000380244
0.000381058
0.000382552
0.000381109
0.000380179
0.000379566
0.000382481
0.000381417
0.000380256
0.00038433
0.000381522
0.000382922
0.000379933
0.000379355
0.000384059
0.000379939
0.000380643
0.000379691
0.000379501
0.000381911
0.000381987
0.00037987
0.00038103
0.000380096
0.000380875
0.000383264
0.000380737
0.000382331
0.000376795
0.000382984
0.000381067
0.000379925
0.000420148
0.000383376
0.000379006
0.000381009
0.000380638
0.000380445
0.000379977
0.000382204
0.000379019
0.000384338
0.000380708
0.000407758
0.000380323
0.000382212
0.000382302
0.000380411
0.000379027
0.000380926
0.00037824
0.000381177
0.000379962
0.000421565
0.000378356
0.000378437
0.000380213
0.000380737
0.000381462
0.00037918
0.000378048
0.000380971
0.000379447
0.000379445
0.000387551
0.000380649
0.000380103
0.000380234
0.000378349
0.000380163
0.000380857
0.000379925
0.000379524
0.000381918
0.000383048
0.000379949
0.00038039
0.000378262
0.000381724
0.00037914
0.000380134
0.000379969
0.000381091
0.000378646
0.000378997
0.000381699
0.000377596
0.000379806
0.000380498
0.000380732
0.000382209
0.000380173
0.000381114
0.000378645
0.000382258
0.000391725
0.000381137
0.000381955
0.000380909
0.000397652
0.000396982
0.000380876
0.000379762
0.000381747
0.000379789
0.000380582
0.000379487
0.000380589
0.000381157
0.000385594
0.000381781
0.000378723
0.00037898
0.000380694
0.000381325
0.000380863
0.000410128
0.000379309
0.00038541
0.000379415
0.000381726
0.000379927
0.00037884
0.000380581
0.000379877
0.000380176
0.000407587
0.000382178
0.000380126
0.000380682
0.00037992
0.000379819
0.00038079
0.000380276
0.000383363
0.000379535
0.000381701
0.0004069
0.000380531
0.000380332
0.000379359
0.000380405
0.000380741
0.000378611
0.000378981
0.000381977
0.000378446
0.000423166
0.000379515
0.000381082
0.000381689
0.000380237
0.000379888
0.000380322
0.000384534
0.00038051
0.000380137
0.000380676
0.000414398
0.000381002
0.000378391
0.000380003
0.000382366
0.00038114
0.000379673
0.000380169
0.000380562
0.000381393
0.00041561
0.000380428
0.000379735
0.000380474
0.000381643
0.000380595
0.000381543
0.000380815
0.000381057
0.000379418
0.000381092
0.000388422
0.000380979
0.000380173
0.00037824
0.000381712
0.000379519
0.000380689
0.000380367
0.000380493
0.000380621
0.000380685
0.000382372
0.000380331
0.000380133
0.000379809
0.000379518
0.000379813
0.000377281
0.000380401
0.000381079
0.000380581
0.000380267
0.000380032
0.000380541
0.000381125
0.000380478
0.000380969
0.000379044
0.000379564
0.000381256
0.00037959
0.000382964
0.000380697
0.000378687
0.000379943
0.000381253
0.000379768
0.00037949
0.000379661
0.000380427
0.000379976
0.000379916
0.000380002
0.000379288
0.000381307
0.000378671
0.000381551
0.000379893
0.000381913
0.000378925
0.000379685
0.000379639
0.000423858
0.000378006
0.000380286
0.000381052
0.000378392
0.000379746
0.000380077
0.000382133
0.000379508
0.000379422
0.000381121
0.000382142
0.000379925
0.000379875
0.000384186
0.000382041
0.000380004
0.000380615
0.000379782
0.000382453
0.000378967
0.000422344
0.000380597
0.000379485
0.000380982
0.000378534
0.000379249
0.00038003
0.000380645
0.000378872
0.000379742
0.000411296
0.00038417
0.000381355
0.000380777
0.000380825
0.000378801
0.000379628
0.000381845
0.000379822
0.00038037
0.00038227
0.000380647
0.000380108
0.00038075
0.000381119
0.000379978
0.000381029
0.000378251
0.000380398
0.000381763
0.000380833
0.000381508
0.000383987
0.00038021
0.000382904
0.000380572
0.000379662
0.000380352
0.000380169
0.000379702
0.000378898
0.000381545
0.00038131
0.000380316
0.000378744
0.000379889
0.000379708
0.000379044
0.000383417
0.000381456
0.000379416
0.000379891
0.000381515
0.000383521
0.000381265
0.000381043
0.000379649
0.000380201
0.000379095
0.000380652
0.000381225
0.000379169
0.000383204
0.000381496
0.000379065
0.000381696
0.000381102
0.000379299
0.000379726
0.000379057
0.000381857
0.000379158
0.000378982
0.000383277
0.000379681
0.000379478
0.000379718
0.000381001
0.000381727
0.000379672
0.00037964
0.000380948
0.000382005
0.000380276
0.000380431
0.000380554
0.000378502
0.000378779
0.000382967
0.000380951
0.000381785
0.00037973
0.00037935
0.000380669
0.000383471
0.000378758
0.000379268
0.000381268
0.000381567
0.000379237
0.000379814
0.000381147
0.000379429
0.000379163
0.000378153
0.000408553
0.000382022
0.00037981
0.000379549
0.000380912
0.000383081
0.000383335
0.000378332
0.000380353
0.000380758
0.00038289
0.00038137
0.000379619
0.000381234
0.000379385
0.000380935
0.000379846
0.000381003
0.000380437
0.000380743
0.000380658
0.000386096
0.00038102
0.000379747
0.000380819
0.000381155
0.000380334
0.000380179
0.000379852
0.000379192
0.000379935
0.000382309
0.00037916
0.000380988
0.000379711
0.000379433
0.000381029
0.000381708
0.000382807
0.00037971
0.000380184
0.000380586
0.000379666
0.000381096
0.000379738
0.000378211
0.000380515
0.000379357
0.000380306
0.000378668
0.000380337
0.000379003
0.000383084
0.0003834
0.000378723
0.000380169
0.00037978
0.000380852
0.000379237
0.000380557
0.000379973
0.000379708
0.000379999
0.000379584
0.000381012
0.000378966
0.000379636
0.000379538
0.000380659
0.00038084
0.00038073
0.000380309
0.000380056
0.000382553
0.000418881
0.000379806
0.000382097
0.000380046
0.000380042
0.000384586
0.000380173
0.000377653
0.000380267
0.000380186
0.000415891
0.000380336
0.000381841
0.00037917
0.000380635
0.000380957
0.000378434
0.000381213
0.000388016
0.00038242
0.000423079
0.0003813
0.000383249
0.000408458
0.000378579
0.000378025
0.00038075
0.000376638
0.000379086
0.000378396
0.000400523
0.000384232
0.000447767
0.00037939
0.000380947
0.000379409
0.000378742
0.000380944
0.000379855
0.000381793
0.000380068
0.000378693
0.000381388
0.0003799
0.000379324
0.000378821
0.000379468
0.000382534
0.00037951
0.000379776
0.000380702
0.000383919
0.000380519
0.000379076
0.000379312
0.000383091
0.000378633
0.000378955
0.000381438
0.000380998
0.000379872
0.000381433
0.000379558
0.000382452
0.000380714
0.000381199
0.00038589
0.000380929
0.000380556
0.000379552
0.000380087
0.000379935
0.00038214
0.000379468
0.000380444
0.000380033
0.000381038
0.00037986
0.000381619
0.000379723
0.000379303
0.00037991
0.000381879
0.000379634
0.000379924
0.000381743
0.000379514
0.000380896
0.000379611
0.000381554
0.000379981
0.000381779
0.000378897
0.000384351
0.000380517
0.000381069
0.000379184
0.000379895
0.000378734
0.000382239
0.000380146
0.00038107
0.000381973
0.000379079
0.000380515
0.000380216
0.000381433
0.000379398
0.000380605
0.000379163
0.000380646
0.000381627
0.000379789
0.000380874
0.000381683
0.000382295
0.000379674
0.000379635
0.000381196
0.000381689
0.00037956
0.000378607
0.000379498
0.000380265
0.000380231
0.000379322
0.000379963
0.000379751
0.000379863
0.000380319
0.0003793
0.00037979
0.000380116
0.000379934
0.000378918
0.000400833
0.000383336
0.000379269
0.000379245
0.000382474
0.000378397
0.000379924
0.000380712
0.000379024
0.000380093
0.00038041
0.000382049
0.000382025
0.000380051
0.000378953
0.000380274
0.000380349
0.000380081
0.000379638
0.000379926
0.000381141
0.000381122
0.000379536
0.000379502
0.000379722
0.000381503
0.000378849
0.00038018
0.000380404
0.000382315
0.00038159
0.000382082
0.000435631
0.00041124
0.000423128
0.000398745
0.000419253
0.000431699
0.000403152
0.000417164
0.000411243
0.000780529
0.000383317
0.00038165
0.000382058
0.0003809
0.000381803
0.000390642
0.000384879
0.000382443
0.000495507
0.000529656
0.000382006
0.000410705
0.000459074
0.000555873
0.000446258
0.000435052
0.000382559
0.000380725
0.000414991
0.000378664
0.000379047
0.000381349
0.000432332
0.000380073
0.000392432
0.000446448
0.000380206
0.00037973
0.000423182
0.000381963
0.000383104
0.000381694
0.000383148
