0.0005428
0.000384561
0.000385439
0.000388977
0.000452917
0.000427684
0.000386688
0.000383504
0.000386408
0.000385732
0.000385634
0.000384235
0.000414633
0.000386385
0.00038337
0.000410339
0.00038892
0.000385013
0.000401629
0.000402319
0.0003874
0.000385293
0.000384878
0.000384212
0.000384685
0.000384359
0.000423451
0.000382559
0.000384766
0.000385302
0.000395939
0.000384429
0.000384034
0.0003831
0.000384884
0.000383281
0.000425445
0.000385798
0.000387369
0.000386314
0.000386331
0.000382319
0.000385308
0.000383502
0.00038475
0.000398343
0.000430019
0.000386136
0.000385546
0.00038168
0.000383998
0.000388474
0.000384791
0.000382462
0.000385095
0.00038313
0.000414287
0.000387324
0.000385145
0.000382069
0.00038454
0.000383865
0.000385434
0.000382178
0.000384001
0.000385963
0.000385085
0.000418123
0.000386491
0.000384163
0.000383862
0.000381448
0.000385322
0.000383263
0.000396525
0.00038408
0.000385183
0.000426835
0.000384814
0.00038396
0.000384056
0.000382478
0.000386041
0.00038601
0.000384704
0.000383318
0.000396297
0.000423439
0.000385336
0.00038455
0.00038607
0.000384642
0.000384221
0.000382886
0.00038272
0.000381118
0.000383916
0.000386039
0.000385568
0.000383245
0.00038567
0.000388422
0.00038506
0.000384363
0.000384831
0.000383521
0.000385169
0.000384102
0.000424223
0.000381688
0.000385397
0.000381897
0.000384832
0.000382704
0.000384378
0.000381738
0.000383998
0.00038292
0.000425951
0.000386669
0.000387385
0.000382295
0.000383897
0.000382478
0.000386532
0.000384942
0.000383298
0.000381285
0.000383809
0.000402627
0.000385527
0.00038527
0.000383554
0.000384359
0.000396549
0.000384762
0.00039852
0.000387718
0.00038505
0.000418307
0.000385484
0.000384156
0.000384353
0.000383518
0.000386564
0.00038406
0.000384535
0.000381911
0.000385611
0.000386105
0.000383184
0.000384799
0.000385325
0.000383599
0.000383842
0.000386062
0.000385243
0.000385447
0.000385188
0.000383724
0.000384946
0.000387906
0.000384055
0.000381269
0.000384966
0.00038501
0.000384164
0.00038315
0.000384056
0.000382992
0.000386364
0.000384113
0.000383697
0.000385679
0.000384413
0.000384033
0.000384529
0.000380887
0.000387303
0.000382146
0.000386202
0.00038173
0.00038409
0.00038047
0.000384311
0.000384642
0.000385397
0.00038341
0.00038407
0.000384711
0.000385741
0.000385159
0.000385289
0.000385291
0.000383553
0.000381611
0.000383148
0.000383173
0.000385847
0.000383033
0.00038518
0.000397701
0.000384388
0.000382263
0.000384471
0.000385076
0.000385071
0.00038287
0.000414851
0.000387507
0.000383862
0.000381283
0.000398831
0.000383345
0.000385491
0.000382366
0.000386455
0.000382658
0.000382342
0.000383413
0.00038503
0.000383786
0.000385742
0.000382811
0.000385642
0.000383278
0.0003839
0.000387056
0.000384232
0.000382573
0.000383614
0.000381525
0.000386591
0.000383742
0.000384901
0.000384142
0.000383289
0.000381766
0.000383436
0.000381554
0.000385165
0.000383639
0.000384479
0.000383817
0.000383185
0.0003857
0.00038428
0.000384236
0.000383877
0.000381872
0.000383832
0.000382486
0.000385427
0.000385402
0.000383454
0.000383572
0.000385827
0.000383168
0.000385368
0.000382032
0.000385277
0.000384685
0.000384033
0.000383523
0.000385046
0.000385509
0.00038349
0.000381839
0.000383687
0.000384371
0.000383793
0.000383392
0.00038344
0.000383713
0.000386149
0.000382606
0.000384758
0.000406733
0.000384618
0.000381144
0.000384059
0.000386369
0.000387276
0.000383806
0.000426567
0.000384566
0.000384688
0.000384686
0.000384023
0.00038316
0.000385937
0.000383128
0.000383269
0.000383263
0.000388268
0.000400196
0.000393957
0.000385628
0.000387137
0.000388625
0.000385629
0.000383005
0.000386699
0.000382061
0.000384818
0.000436106
0.000386623
0.000383402
0.000382857
0.000382522
0.000383603
0.000384641
0.000384235
0.000383992
0.000384821
0.000427613
0.000392602
0.000392019
0.000384901
0.000385183
0.000384578
0.000384636
0.000383811
0.000382946
0.000385022
0.000387817
0.000384976
0.000383164
0.000384486
0.000383665
0.000385541
0.000382648
0.000384691
0.000386211
0.000383566
0.000389684
0.000383549
0.000380989
0.000384386
0.000380519
0.000387407
0.000384458
0.000384862
0.000381857
0.000382799
0.000381673
0.000384437
0.000382263
0.000385042
0.000382481
0.000383934
0.000383562
0.000383925
0.000388199
0.000382746
0.000383242
0.00038417
0.000380997
0.000383853
0.000384543
0.000385434
0.000383873
0.000383919
0.000382421
0.000383147
0.000382319
0.00038558
0.000384976
0.000384117
0.000381102
0.000383294
0.000385993
0.00038483
0.00038152
0.000383785
0.000382948
0.000384691
0.000386742
0.000383423
0.000383159
0.000383926
0.000381481
0.000383757
0.000382487
0.000385292
0.000383892
0.000391312
0.000382004
0.000388249
0.000386322
0.000383904
0.000382464
0.000382299
0.000382746
0.000382098
0.0003827
0.000385032
0.000383596
0.000421515
0.000382602
0.000385009
0.000382197
0.000384129
0.000382577
0.000383338
0.000385255
0.000384253
0.000383428
0.000383493
0.000385656
0.000384777
0.000383295
0.000383714
0.000381237
0.000384252
0.000380636
0.000384205
0.000381256
0.000383721
0.000382982
0.000386396
0.000382204
0.000383497
0.000383371
0.000383505
0.000383642
0.000384619
0.000383621
0.000383944
0.000385066
0.000385166
0.00038395
0.000383846
0.000383008
0.000384514
0.000384486
0.000390477
0.000382226
0.000385008
0.000383959
0.00038448
0.000382084
0.0003854
0.000385608
0.000384138
0.000384053
0.000383812
0.000381889
0.000384222
0.000384629
0.000385726
0.000383686
0.000383728
0.000382367
0.000385538
0.000380848
0.000384619
0.000381323
0.000383325
0.00038464
0.000384719
0.000385225
0.000383309
0.000382635
0.000385
0.000383843
0.000385511
0.000382223
0.000385884
0.000384591
0.000385259
0.000383203
0.000385511
0.000383474
0.000385445
0.000383413
0.000385705
0.00038415
0.000384955
0.00038288
0.000385534
0.000383158
0.000385535
0.000381863
0.000382211
0.00038271
0.000383964
0.000382665
0.000385993
0.000385113
0.000384462
0.000381945
0.000423745
0.000383715
0.000385659
0.000381492
0.000384508
0.000382685
0.000385615
0.000381374
0.000385779
0.000383364
0.000387395
0.000384
0.000384206
0.000383817
0.000385742
0.000381651
0.000384449
0.000383788
0.000383458
0.000381668
0.000383692
0.000416617
0.000385474
0.000385049
0.000384249
0.000384238
0.000384885
0.000381634
0.000385997
0.000384335
0.000383584
0.000385287
0.00038411
0.000383897
0.000384453
0.000381626
0.000384412
0.000382046
0.000383388
0.000379988
0.00038359
0.000429977
0.000386276
0.000383591
0.000384326
0.000381369
0.000383835
0.000383105
0.000385147
0.000381792
0.000395533
0.000380862
0.000411863
0.000384364
0.000383365
0.000381749
0.000383577
0.000382812
0.000381976
0.000381447
0.000413802
0.000383634
0.000421159
0.000381339
0.000402779
0.000442479
0.000387954
0.000445247
0.000505291
0.000481697
0.000388609
0.000419199
0.000398852
0.000409461
0.000387628
0.000383372
0.000417498
0.000382434
0.00038476
0.000381677
0.000384438
0.000382284
0.000404582
0.000382063
0.000383866
0.000382779
0.000382921
0.000380239
0.000381562
0.000381563
0.000382356
0.0003845
0.00042053
0.000383879
0.000385246
0.000381015
0.000382906
0.000382274
0.000385502
0.00038545
0.000425112
0.000442168
0.000465828
0.000417501
0.000468984
0.000573152
0.000501676
0.000512821
0.000523539
0.000382002
0.000489003
0.000503532
0.000385278
0.000381574
0.000382887
0.000380702
0.000384226
0.000419082
0.000390329
0.000448612
0.000432113
0.000384014
0.000383615
0.000381351
0.000381979
0.000382667
0.000383591
0.000399087
0.000385225
0.000385725
0.000435784
0.00038344
0.000384309
0.000383777
0.000449092
0.000389137
0.0003833
0.000383238
0.000383624
0.000381204
0.000427626
0.000384091
0.00038452
0.000382423
0.000413595
0.000409037
0.000384257
0.000382611
0.000384119
0.00038208
0.000385254
0.000387967
0.000382518
0.000382564
0.000383444
0.000380479
0.000383877
0.000382699
0.000385808
0.000382959
0.00038559
0.000417596
0.000410738
0.000405803
0.000385933
0.000385042
0.000383978
0.000384728
0.000384795
0.000384376
0.000381945
0.000415916
0.000385903
0.000384946
0.000382952
0.000382068
0.000383843
0.000383104
0.000385062
0.000383967
0.000414904
0.000422168
0.000383117
0.000383341
0.000385384
0.000384365
0.000383682
0.000380733
0.000384873
0.000382429
0.000383177
0.000379951
0.000411451
0.000383232
0.000384358
0.000381407
0.000386129
0.000382689
0.000401966
0.000458621
0.000384437
0.00038446
0.000430868
0.000382716
0.000385697
0.000385113
0.000384061
0.000384829
0.000384388
0.000383981
0.000384298
0.000381071
0.000421387
0.000384897
0.000385389
0.00038304
0.000415441
0.000404111
0.000384272
0.000383064
0.000384177
0.000382391
0.000440232
0.000385314
0.000384698
0.000384022
0.000384521
0.000384706
0.000383129
0.000383059
0.0003861
0.000383231
0.000387536
0.000430238
0.000408174
0.000383592
0.000383904
0.000382939
0.000385034
0.000382155
0.000383213
0.000383614
0.000383993
0.000426214
0.000384968
0.000383547
0.000383457
0.000382037
0.000382565
0.000380329
0.000383486
0.000383276
0.000406768
0.000414519
0.000383898
0.000380826
0.000381741
0.000382689
0.000385697
0.000383282
0.000383513
0.000385828
0.000385528
0.000419042
0.000385365
0.000382159
0.000383803
0.000382094
0.000382869
0.000380778
0.000386852
0.000381485
0.000391623
0.000382759
0.000413697
0.000382506
0.000386837
0.000384212
0.00038309
0.000383365
0.000385205
0.000381558
0.000385037
0.000381981
0.000420354
0.000384018
0.000384883
0.000398072
0.000386568
0.000437572
0.000386433
0.000381253
0.000383338
0.000380332
0.000436761
0.000382144
0.000383659
0.000383004
0.000383241
0.000382337
0.000383238
0.000380639
0.000385392
0.00038652
0.000387309
0.000405709
0.000384991
0.000384593
0.000382836
0.000383871
0.000385063
0.000383534
0.000385673
0.000383141
0.000385178
0.000416945
0.000384308
0.000384645
0.000384468
0.000384036
0.000384194
0.000382837
0.000385282
0.000385696
0.000407478
0.000420337
0.000383972
0.000384621
0.000387563
0.000447028
0.000387508
0.000470265
0.00038634
0.000383541
0.000384202
0.000413679
0.000384366
0.000414605
0.000384009
0.000384198
0.000433548
0.000387361
0.000382801
0.000382618
0.000385319
0.000416995
0.000383592
0.000381254
0.000383972
0.000380829
0.000383982
0.00038502
0.000385087
0.000385323
0.000382995
0.000384247
0.000384997
0.000384374
0.00038762
0.000382389
0.000383717
0.000383795
0.000383258
0.000381147
0.000384684
0.000385413
0.000385776
0.000381628
0.000383918
0.000385354
0.000384125
0.00038345
0.000385544
0.00038224
0.000383897
0.000383035
0.000388919
0.000382864
0.000385959
0.000384347
0.00038385
0.00038147
0.000383259
0.00038201
0.000385486
0.000383839
0.000385572
0.000383497
0.000385489
0.000383448
0.00038614
0.000382406
0.000385187
0.000383767
0.000386804
0.000381966
0.000385289
0.000387626
0.000382016
0.000380982
0.000384518
0.000382374
0.000385218
0.000383056
0.000385698
0.000383849
0.000412463
0.000467907
0.000409247
0.000406829
0.000414593
0.000491915
0.000508633
0.000449951
0.000384486
0.0003824
0.000385236
0.000393326
0.00038409
0.000394762
0.000490676
0.000383736
0.000385332
0.000383069
0.000385434
0.000383589
0.000385572
0.000405959
0.00038696
0.000395986
0.000384036
0.000382429
0.000382055
0.00038116
0.000384373
0.000383058
0.000383056
0.000419131
0.000383685
0.000382478
0.000384722
0.000382439
0.000384056
0.000384221
0.000384625
0.000384538
0.00038476
0.000388297
0.000384531
0.000383793
0.000384258
0.000381622
0.000383305
0.000382953
0.00038524
0.000384945
0.000384753
0.000382513
0.000385557
0.000385042
0.000395563
0.000385254
0.000384644
0.000384439
0.000404791
0.00041878
0.000500018
0.00038564
0.000386431
0.000382602
0.000384894
0.000383742
0.00038499
0.000383859
0.000384719
0.00038388
0.000384613
0.000382558
0.000400685
0.000383414
0.000385673
0.000382352
0.000488492
0.000380729
0.000383766
0.000381847
0.000383869
0.000382349
0.000421008
0.000383259
0.000385062
0.000383186
0.000385679
0.000381212
0.000383849
0.000382143
0.000383705
0.000383655
0.000384596
0.000384755
0.000387985
0.000384617
0.000391863
0.000382436
0.000383632
0.000384942
0.000384321
0.000385445
