0.000365253
0.000363914
0.000362873
0.000362189
0.000364659
0.00036228
0.000365096
0.000364159
0.000363287
0.000360086
0.0003636
0.000365196
0.000364581
0.000364271
0.000362046
0.0003656
0.000364757
0.000366096
0.000361385
0.000363722
0.000362832
0.000363517
0.000360578
0.000365728
0.000363706
0.000363206
0.000362587
0.000363871
0.000364361
0.000363181
0.000364701
0.000362606
0.000361807
0.00036253
0.000370859
0.000363631
0.000361914
0.000360984
0.000361947
0.000361672
0.000363485
0.000361396
0.000363613
0.000361774
0.000363238
0.000368734
0.000363819
0.000362372
0.000363481
0.000360745
0.000363135
0.00036625
0.000363307
0.000363369
0.000362232
0.000362286
0.000365463
0.000362215
0.000365998
0.000361918
0.000364237
0.000361186
0.00036003
0.000361115
0.000365175
0.00036136
0.000363084
0.000405078
0.000364751
0.000363305
0.000364031
0.000361377
0.000363009
0.000362476
0.000362364
0.000362276
0.000381623
0.000363199
0.000403271
0.000361997
0.000363491
0.000361506
0.000362134
0.000368654
0.000363251
0.000359874
0.000362268
0.000363245
0.000364399
0.00036241
0.000361106
0.00036463
0.000365082
0.000368814
0.000362302
0.000362408
0.000363468
0.000362414
0.000363396
0.000362668
0.000367427
0.000359534
0.000363883
0.000361629
0.000363657
0.000361455
0.00036283
0.000361175
0.000363278
0.00036259
0.000363288
0.000364512
0.000362607
0.000362182
0.000362592
0.000361138
0.000362996
0.000361248
0.00036003
0.000362698
0.000363335
0.000363714
0.000365577
0.000362316
0.000361774
0.000361377
0.000362258
0.000363283
0.000362527
0.000363711
0.000362726
0.000361023
0.000365461
0.000366903
0.000365231
0.00036426
0.000362878
0.000361129
0.000363209
0.000365305
0.000419771
0.000361853
0.000361655
0.000363031
0.000401152
0.000362653
0.000362037
0.000362219
0.000363614
0.000361761
0.000362277
0.000363361
0.000362201
0.000361815
0.000362231
0.000395418
0.000363944
0.000361212
0.000365582
0.000391281
0.000363399
0.000361453
0.000362786
0.000362017
0.000363161
0.000362566
0.000388353
0.000363711
0.000364179
0.000362058
0.000363753
0.000361535
0.000362642
0.000360889
0.000360558
0.00036224
0.000363535
0.000367152
0.00042201
0.000363258
0.000362611
0.000359318
0.000363667
0.00036219
0.000361798
0.000363909
0.000362002
0.00036203
0.000364472
0.000362109
0.000363008
0.000364116
0.00036412
0.000361575
0.000362505
0.000361532
0.000361359
0.000362657
0.00036292
0.0003949
0.000363525
0.000361533
0.000363256
0.000363779
0.000362183
0.000362532
0.000361915
0.000363558
0.000363486
0.000365135
0.000364136
0.000362661
0.000362946
0.000362309
0.000368222
0.000365104
0.000444846
0.000364629
0.000363224
0.000362752
0.000397338
0.000363475
0.000362757
0.000362485
0.000363964
0.000363489
0.000364187
0.00036221
0.000364769
0.000365181
0.000362344
0.000363852
0.000363604
0.000362011
0.000361211
0.000389679
0.000362138
0.000363496
0.000364466
0.000362062
0.000361258
0.000362673
0.000398452
0.000362135
0.000364957
0.000362621
0.000362609
0.000361643
0.000363726
0.000361641
0.000361937
0.00036241
0.000362037
0.000367503
0.000363086
0.000362216
0.000363742
0.000362021
0.000362577
0.000363276
0.000365024
0.000361902
0.000361486
0.000364801
0.000400138
0.000360604
0.000363694
0.000360621
0.000363835
0.00036343
0.000360733
0.000363601
0.000363865
0.000361691
0.000362285
0.000401338
0.000363216
0.000361893
0.000363742
0.000364392
0.000364011
0.000361486
0.000361956
0.000363462
0.00036314
0.000362866
0.000363197
0.000363237
0.000365
0.000361432
0.000361989
0.000363317
0.00037021
0.000362566
0.000362635
0.000364445
0.000365357
0.000364131
0.000362719
0.000364518
0.000363576
0.000361999
0.000362037
0.000362649
0.000362644
0.000363295
0.000362905
0.000360949
0.000362695
0.000360736
0.000362888
0.000365638
0.000362291
0.000362991
0.000362274
0.000362158
0.000364206
0.000361434
0.000361949
0.000364327
0.000363028
0.00036247
0.000361321
0.000362441
0.000364593
0.000361248
0.000364195
0.000363703
0.000364487
0.000360313
0.000363309
0.000362443
0.000363703
0.000361596
0.00036266
0.000363684
0.000363571
0.000362777
0.00036025
0.000363365
0.000365261
0.000364285
0.000363723
0.000361992
0.000363858
0.000361553
0.000362591
0.000363461
0.000364161
0.000363809
0.000361403
0.000361931
0.000365297
0.000360943
0.000362012
0.000362564
0.000363356
0.000364046
0.000364102
0.000362459
0.000363256
0.00036119
0.00036302
0.000404647
0.000361907
0.000361874
0.000389332
0.000371639
0.000448882
0.000442019
0.000429425
0.000361695
0.000364442
0.000406537
0.000363555
0.000363714
0.00036455
0.000361742
0.000362577
0.000369162
0.00036379
0.000363013
0.000362866
0.000363116
0.000404156
0.000360846
0.000413156
0.000427922
0.000363999
0.000387341
0.000364874
0.000361974
0.000366039
0.000362045
0.000361465
0.000365441
0.000371481
0.000364136
0.000364522
0.000363459
0.000364516
0.000366417
0.000362591
0.000363913
0.000365468
0.000393115
0.000376243
0.000361235
0.000367311
0.000362266
0.000364031
0.000362452
0.00036378
0.000361409
0.000361456
0.000362656
0.000390428
0.000370556
0.000362572
0.000363
0.000362309
0.000363348
0.000364845
0.000361586
0.000370124
0.000361206
0.000361667
0.000365423
0.000364025
0.000361779
0.000362331
0.000362887
0.000366461
0.000363679
0.00036256
0.000362055
0.000363912
0.000361416
0.000362657
0.000363665
0.00036253
0.00036051
0.000362055
0.000369278
0.000364544
0.000362743
0.000363176
0.000361144
0.000365516
0.000364685
0.000363223
0.000361543
0.000361852
0.000362527
0.000361958
0.000365781
0.000364347
0.000361819
0.000361105
0.000363221
0.00036318
0.00036248
0.000364723
0.000363088
0.000361407
0.000359224
0.000361024
0.00036339
0.000363621
0.000361945
0.00036282
0.000364717
0.000364148
0.00036173
0.000362422
0.000362809
0.000363068
0.00036152
0.000361363
0.000362445
0.000363116
0.00036208
0.000364517
0.000360966
0.000363525
0.00036022
0.000362195
0.000363553
0.000368799
0.000361167
0.000363776
0.000363106
0.000362266
0.000362822
0.000363112
0.00036289
0.000362432
0.000363745
0.000362895
0.000364811
0.000364476
0.00036326
0.00036266
0.000363646
0.000366841
0.00036071
0.00036173
0.000364884
0.000364563
0.000363901
0.000362002
0.00036136
0.000365743
0.000363355
0.00036159
0.000366159
0.000366688
0.000362193
0.000362048
0.000364183
0.000364105
0.000361945
0.000363401
0.000362588
0.000364693
0.000362068
0.000403047
0.000363147
0.000364339
0.000362349
0.000362599
0.000362551
0.000364521
0.000361917
0.00036121
0.000362027
0.000363437
0.00036336
0.00036408
0.000363492
0.000364635
0.000361324
0.000362348
0.000362751
0.000363477
0.000363859
0.00036375
0.000361828
0.000405902
0.000362612
0.000364561
0.000363741
0.000363279
0.000361948
0.000362041
0.000362537
0.000364747
0.000362539
0.000361447
0.000402025
0.000364556
0.000363781
0.000361797
0.000361904
0.00036338
0.000381997
0.000398063
0.000398443
0.000381195
0.000396504
0.000422897
0.00044587
0.000393104
0.000390517
0.000405661
0.000560084
0.00043559
0.000365401
0.000363196
0.000409175
0.000365054
0.000364054
0.000362385
0.000362185
0.000365215
0.00036255
0.000361629
0.000362425
0.000363367
0.000397234
0.000417941
0.000363153
0.000362993
0.000376985
0.000363413
0.000364083
0.000363695
0.000362167
0.000362834
0.00036303
0.000363753
0.000366402
0.000385802
0.000363986
0.000365322
0.000361546
0.000362608
0.000363534
0.000362581
0.000365157
0.000363713
0.000364202
0.000421392
0.000367275
0.000362366
0.000365095
0.000364082
0.000363472
0.000363125
0.000367832
0.000363681
0.000363139
0.000361308
0.000397955
0.000363656
0.000362085
0.0003648
0.00036373
0.000365107
0.000384415
0.00036526
0.000373901
0.000362312
0.000362195
0.000386911
0.000364234
0.000367453
0.000370617
0.000365393
0.000362304
0.000364346
0.000363407
0.000363899
0.000362076
0.000366706
0.00036312
0.000363353
0.000379982
0.000396083
0.000405908
0.0004246
0.000410648
0.00041138
0.000395457
0.00039298
0.000429996
0.000404632
0.000400526
0.000394872
0.00039186
0.00039996
0.000410919
0.000387487
0.000399205
0.000365058
0.000393446
0.000361849
0.000386658
0.00037547
0.000364787
0.000362004
0.00036465
0.000362093
0.000362326
0.00036174
0.000363947
0.000378214
0.00036375
0.000370384
0.000372631
0.000367305
0.00036556
0.000364111
0.000363192
0.000362543
0.000361581
0.000414122
0.000362965
0.000363067
0.000361654
0.00036171
0.000362468
0.000363624
0.000364135
0.000362253
0.000363279
0.000362445
0.000409814
0.000362595
0.000363903
0.000362878
0.000362876
0.000362724
0.000363408
0.000362715
0.00036944
0.000360699
0.000364057
0.000414238
0.000361467
0.000362486
0.000363577
0.000364307
0.000362104
0.000362994
0.000362703
0.000364588
0.000363159
0.000363561
0.0004143
0.00037262
0.000361888
0.000369932
0.000364081
0.000371747
0.000362073
0.000363916
0.000369446
0.00036213
0.000361523
0.00040564
0.000365583
0.000364699
0.000362678
0.000361815
0.000362635
0.000363966
0.000363846
0.000362798
0.000362749
0.000362019
0.000396919
0.000364769
0.000364114
0.000364868
0.000394862
0.000395322
0.000410433
0.000399347
0.000403518
0.000426307
0.000427801
0.000402268
0.000401683
0.000637107
0.000363194
0.000360497
0.000368979
0.000361776
0.000367305
0.000414237
0.000438544
0.000365371
0.000378782
0.000368272
0.000364905
0.000365724
0.00036193
0.000366488
0.000363368
0.000361676
0.000404763
0.000363361
0.000360936
0.000362049
0.000391245
0.000376163
0.000361652
0.000375819
0.000363222
0.000362309
0.000362298
0.000404759
0.000363546
0.000363988
0.000362271
0.000370051
0.000361509
0.000361988
0.000361359
0.00036342
0.000361496
0.000364098
0.000404656
0.000365385
0.000364218
0.000362858
0.000367457
0.00036325
0.000362351
0.000365048
0.000362953
0.000360162
0.00036276
0.000411691
0.000361845
0.000364723
0.000362061
0.000364789
0.000360842
0.000361889
0.000362018
0.000360958
0.000361325
0.000364193
0.000361182
0.00036579
0.000362074
0.000362964
0.000363041
0.000363082
0.000360711
0.000364354
0.00036214
0.000365206
0.000360951
0.000398091
0.000376189
0.000362083
0.000361505
0.000360834
0.000363142
0.000362717
0.000362037
0.000370249
0.000368452
0.000365693
0.000396326
0.00036385
0.000362361
0.000364458
0.000360281
0.000362447
0.000362765
0.000366585
0.000362983
0.000361984
0.000361983
0.000363818
0.000361787
0.000361688
0.00036317
0.000363227
0.000362496
0.000363904
0.000362148
0.000363529
0.000361229
0.000361548
0.000388428
0.000363965
0.000362886
0.000363348
0.000362821
0.000364992
0.0003622
0.000360947
0.000361817
0.000366369
0.000362424
0.000361988
0.000364165
0.000364127
0.000362146
0.000361799
0.00036269
0.000363785
0.000362884
0.000362892
0.000362559
0.000365166
0.000361891
0.000363975
0.000361563
0.000362502
0.000362531
0.00036169
0.000362601
0.000363925
0.000363923
0.000362747
0.000364116
0.000432551
0.000371445
0.000363141
0.000362599
0.000364319
0.000360731
0.000375469
0.00036517
0.00036376
0.000362544
0.000403541
0.000365064
0.000362162
0.000360404
0.00036437
0.000363079
0.000366461
0.000361596
0.000361504
0.000365161
0.000363768
0.000410261
0.000362443
0.000365406
0.000364127
0.000361645
0.000362555
0.000362142
0.000365504
0.000361112
0.000361858
0.000363371
0.000401667
0.000362535
0.000363285
0.000362764
0.000363322
0.000360931
0.000364948
0.000390351
0.000374285
0.000363891
0.000402386
0.000417115
0.000393813
0.000374314
0.000369963
0.000372832
0.000382727
0.000389165
0.000405015
0.000485865
0.000401844
0.000713427
0.000364309
0.000535548
0.000456137
0.000453322
0.000589911
0.000428151
0.000362775
0.00040574
0.0003627
0.000365195
0.00036311
0.000363302
0.000363277
0.00036284
0.000364098
0.000363844
0.000362337
0.000361781
0.000507165
0.000429655
0.000362446
0.000361949
0.000363882
0.000363654
0.00036162
0.000361947
0.000364335
0.000363782
0.000391764
0.000367718
0.000365731
0.000362714
0.000362367
0.000363836
0.000364431
0.000362676
0.000363718
0.000367993
0.000365441
0.000364416
0.000362206
0.000363458
0.000364449
0.000360106
0.000362696
0.000362609
0.000362973
0.000361729
0.000362221
0.000361521
0.000368178
0.000363415
0.000362271
0.000363852
