0.000359271
0.000357168
0.000355047
0.000355099
0.000357607
0.000355855
0.000357717
0.000356582
0.00035742
0.00035639
0.000354487
0.000356738
0.000359409
0.000356709
0.000357115
0.000355705
0.000356783
0.000358719
0.000356107
0.000396311
0.000355502
0.000354953
0.000355597
0.000356078
0.000356848
0.000356603
0.000355522
0.000357787
0.000357599
0.000356118
0.000393489
0.00035592
0.000357643
0.000357356
0.000356081
0.000358909
0.000356877
0.000356378
0.000354051
0.000358226
0.000358021
0.000398146
0.000358831
0.000359338
0.000358003
0.000356122
0.000359184
0.000359184
0.000358776
0.000357933
0.000356137
0.000360327
0.00039938
0.000356588
0.00035667
0.000358551
0.000356721
0.000355182
0.000357627
0.000357713
0.000357165
0.000354398
0.000355041
0.000399948
0.000358212
0.000355917
0.000356507
0.000358198
0.000359151
0.000356381
0.00035709
0.000356083
0.000359298
0.000357382
0.000404087
0.000359508
0.000356937
0.000354651
0.000356237
0.000360311
0.000357204
0.000355924
0.000359405
0.000356084
0.000355895
0.000356905
0.000356849
0.000356596
0.000354091
0.000356331
0.000357026
0.00036038
0.000357183
0.000355971
0.000356
0.000357131
0.000359393
0.000357257
0.000357364
0.000357146
0.000356578
0.000356075
0.000356744
0.000355732
0.000355672
0.000355227
0.000357015
0.000358026
0.000357692
0.000358689
0.000354801
0.000355884
0.000356783
0.00035601
0.00035714
0.000357947
0.000356078
0.000357727
0.000355845
0.000358663
0.000356725
0.00035613
0.000356966
0.000356013
0.000354257
0.000355675
0.000353866
0.00035576
0.000364551
0.000356757
0.000358663
0.000357982
0.000356448
0.000356341
0.000357607
0.000357045
0.000356804
0.000355645
0.00035607
0.000358439
0.000357157
0.000356257
0.000356738
0.000356164
0.000355468
0.000353454
0.00035475
0.00035509
0.000359786
0.000355272
0.000356392
0.000357544
0.000354883
0.000356959
0.000356571
0.000356328
0.000356486
0.000354006
0.000356775
0.000356831
0.000356169
0.00035626
0.000357409
0.000356023
0.000391846
0.000356566
0.000356927
0.000360533
0.000357866
0.000355887
0.000356731
0.000355151
0.000356199
0.00035637
0.000355743
0.000392811
0.000355698
0.000355693
0.000355549
0.000358503
0.000357997
0.000355334
0.00035357
0.000356488
0.000359635
0.00035416
0.000356955
0.000356632
0.000358151
0.000356566
0.000356619
0.000358616
0.000368098
0.000358764
0.000356746
0.000355667
0.000356249
0.00039792
0.000354861
0.000355377
0.000356969
0.000355795
0.000357026
0.000356112
0.000356511
0.000355196
0.000358866
0.000355835
0.00035807
0.0003569
0.000353394
0.000355586
0.000354963
0.000355076
0.00035507
0.00035719
0.000359236
0.000356615
0.000355586
0.000359212
0.000357671
0.00035549
0.000357027
0.000356181
0.000356775
0.000355789
0.000356977
0.000356896
0.000357847
0.000359637
0.000358689
0.00035699
0.00035694
0.000355911
0.000356778
0.000357489
0.0003558
0.00035559
0.000355411
0.000355601
0.000357825
0.00035728
0.000355176
0.000355292
0.000356789
0.000356566
0.000356243
0.000357107
0.000355917
0.00035615
0.000355717
0.000357667
0.000357099
0.000356846
0.000357368
0.000356649
0.000355072
0.000356173
0.000357634
0.000355408
0.000359805
0.000355404
0.000357213
0.000358306
0.000359955
0.000355777
0.000355059
0.000357796
0.000360787
0.00035521
0.000356668
0.000356334
0.000355737
0.000354559
0.000357396
0.000357538
0.000394535
0.000356833
0.000354968
0.00035676
0.000357506
0.000355288
0.000356444
0.000358626
0.000357105
0.00035682
0.000355861
0.000392812
0.000356681
0.000356226
0.000356535
0.000356848
0.000360745
0.00035694
0.000356121
0.000356591
0.000356198
0.000355718
0.000355226
0.000356263
0.000359528
0.000355729
0.000356927
0.000359059
0.00035676
0.000355995
0.0003562
0.000359957
0.000356687
0.000395661
0.000355855
0.000358453
0.000357005
0.000356176
0.000356671
0.00035629
0.000356862
0.000356556
0.000355819
0.000356576
0.000357956
0.000353947
0.000357917
0.000358549
0.000358021
0.000357614
0.000358565
0.000355509
0.000358063
0.000354065
0.00035715
0.000357944
0.000358798
0.000355941
0.000355319
0.000369558
0.000357409
0.000355405
0.000356847
0.000358311
0.000356066
0.000356204
0.000358098
0.000358095
0.000359585
0.00035757
0.000355988
0.000355275
0.000359625
0.00035601
0.000357778
0.000355216
0.000357911
0.000357759
0.000407112
0.000356877
0.000357682
0.000364103
0.000354812
0.000355356
0.000357421
0.000358807
0.000358717
0.000355857
0.000357192
0.000357327
0.000356455
0.000356763
0.000357012
0.000355256
0.000355728
0.000357196
0.000358687
0.000356756
0.000356137
0.000355764
0.000357278
0.000355941
0.000355013
0.000356881
0.000359713
0.000357076
0.000355485
0.000357127
0.000356856
0.000356151
0.000356037
0.000399917
0.000356412
0.00035609
0.000357154
0.000358043
0.000358094
0.000355239
0.000355723
0.00035517
0.000356392
0.000354454
0.000356026
0.000355123
0.000359486
0.000355251
0.000355474
0.000356965
0.000357891
0.000356477
0.000355804
0.000358379
0.000358233
0.000356544
0.000359194
0.00035692
0.00035573
0.000356591
0.000358007
0.000357237
0.000357605
0.000357284
0.000356408
0.000362919
0.000356938
0.000397642
0.000353575
0.000355739
0.000356911
0.00035648
0.000355839
0.000356851
0.000358866
0.000357329
0.000356419
0.000357242
0.000355638
0.00035575
0.000355131
0.00035602
0.000357206
0.000354829
0.000355344
0.000386573
0.000467736
0.000444069
0.000475892
0.000448716
0.000398083
0.000368109
0.000392421
0.000391776
0.000423754
0.000389356
0.000392212
0.000407325
0.000622674
0.000355794
0.000357857
0.00037791
0.000384728
0.000356638
0.000356824
0.000356101
0.000366584
0.000424192
0.000411907
0.000355804
0.000357751
0.000357794
0.000354543
0.000358243
0.000356934
0.000356092
0.000357104
0.000369157
0.000368674
0.000399233
0.000373057
0.000357645
0.000356817
0.000354054
0.000358926
0.000355893
0.000356759
0.0003587
0.000357015
0.000358602
0.000359952
0.000356003
0.000357231
0.000357782
0.000361
0.000363585
0.000356129
0.000357061
0.000358048
0.000359522
0.00035673
0.000381591
0.000355167
0.00035523
0.000355014
0.00035526
0.000359512
0.000354028
0.000355942
0.000356296
0.000357704
0.000356476
0.000358654
0.000355891
0.000357089
0.000356791
0.000358105
0.000356071
0.00035755
0.000363553
0.00035624
0.000357619
0.000358035
0.00035614
0.000357157
0.000358267
0.000356713
0.000355744
0.000357545
0.00035543
0.000357988
0.000357509
0.000357329
0.000356747
0.000364527
0.000358716
0.000355526
0.000356851
0.000359194
0.000355839
0.000356876
0.000355947
0.000358109
0.000355322
0.000357528
0.00035598
0.000357582
0.000358436
0.000354938
0.000358678
0.000355877
0.000356322
0.000356359
0.000357853
0.000357163
0.000355893
0.000358327
0.000357813
0.000359741
0.000357456
0.000355257
0.000355911
0.00035884
0.000357873
0.000355439
0.00035633
0.000356589
0.000356015
0.000355777
0.000357142
0.000356885
0.000356446
0.00035568
0.000357905
0.000355488
0.000355167
0.000356366
0.000362017
0.000356041
0.000357553
0.000357642
0.000357945
0.000356338
0.000357223
0.000356497
0.000356063
0.000357768
0.000357304
0.000356597
0.000356653
0.000357723
0.000357717
0.000357174
0.000355749
0.000356173
0.000355914
0.000355944
0.000359956
0.000356419
0.000355911
0.000355946
0.000362202
0.000395627
0.000358089
0.000457847
0.000355988
0.00035725
0.000354855
0.00035436
0.00035652
0.00035739
0.000356224
0.000356881
0.000402778
0.000356397
0.000357337
0.000356071
0.000358394
0.000357908
0.000356141
0.000356122
0.000356082
0.000355568
0.000356632
0.000403412
0.000359184
0.000357305
0.000357228
0.000355295
0.000357331
0.000355968
0.000355773
0.000356658
0.000358997
0.000368857
0.000400595
0.000357795
0.000357378
0.000357377
0.000356532
0.000356891
0.000358459
0.000354629
0.000355554
0.000358126
0.000356306
0.000398743
0.000355905
0.000355643
0.00035598
0.000356056
0.000354567
0.000356387
0.000358669
0.000360801
0.000357006
0.000355006
0.000406391
0.000356852
0.000355293
0.000356841
0.000356636
0.000356522
0.00035671
0.00035504
0.000356841
0.000356911
0.000355654
0.00039796
0.000356705
0.000357204
0.000355674
0.000357117
0.000358868
0.000359256
0.000357387
0.000356616
0.000355274
0.000355179
0.000357317
0.000366529
0.000359377
0.000355048
0.000356079
0.000355536
0.000355738
0.000357642
0.00035645
0.000355637
0.000357677
0.000356045
0.000393348
0.000355946
0.000356218
0.000356998
0.000354092
0.00035602
0.000357762
0.000355525
0.000355702
0.000356268
0.000356899
0.000393273
0.00035826
0.000357286
0.000355743
0.000357625
0.000356119
0.00035556
0.000355584
0.000356727
0.000353546
0.000358243
0.000356506
0.000356391
0.000356851
0.000356865
0.000357729
0.00035749
0.000356385
0.000356746
0.000357042
0.000356842
0.000356137
0.000358641
0.00035682
0.00035537
0.000355583
0.000357074
0.000357546
0.000358295
0.000357451
0.000357732
0.000356348
0.000354909
0.000358137
0.000356533
0.000357648
0.000355609
0.000355907
0.000357992
0.000357556
0.000356089
0.000356626
0.000358766
0.000357121
0.000359376
0.000357781
0.000355281
0.000355709
0.000357224
0.000360058
0.000355212
0.000355969
0.000356128
0.00035674
0.000356219
0.000357441
0.000356361
0.000355087
0.000355944
0.000356615
0.000358068
0.000355078
0.000356243
0.000357034
0.000358352
0.000355114
0.000355438
0.000358425
0.000358736
0.000354432
0.00035613
0.000354524
0.000355425
0.000356531
0.00035662
0.000356635
0.000356668
0.000356434
0.000358653
0.000356268
0.00035829
0.00035696
0.000356703
0.000356073
0.000357018
0.000356976
0.000357347
0.000354928
0.000359322
0.000357428
0.000357815
0.000355412
0.000358292
0.000355475
0.000355975
0.000357048
0.000356859
0.000356517
0.000356832
0.000358145
0.000357125
0.00035581
0.000356952
0.000358697
0.000359251
0.000355973
0.00035511
0.000356404
0.000356665
0.000355478
0.000355119
0.000355418
0.000356793
0.000356391
0.000356641
0.000355901
0.000357567
0.000355323
0.000355701
0.000356938
0.000357495
0.000355755
0.00035606
0.000359496
0.000357898
0.000356167
0.000355682
0.000358552
0.000357448
0.000355034
0.000357141
0.000358428
0.000357441
0.00035567
0.00039604
0.00035624
0.000357659
0.000355891
0.000355427
0.000357006
0.000357078
0.000355725
0.00035512
0.000355159
0.000359167
0.000361422
0.000357018
0.000357058
0.000354932
0.000355125
0.000355854
0.000358764
0.000356857
0.000357526
0.000356459
0.000355328
0.000359027
0.000356483
0.000355714
0.000356781
0.000355391
0.000355507
0.000355751
0.000356618
0.000354694
0.000354904
0.00035748
0.00035775
0.000354794
0.000356383
0.000358051
0.00035639
0.00035613
0.000355538
0.000354756
0.000358907
0.00035905
0.000355321
0.000358201
0.00036089
0.00035771
0.000370761
0.000357409
0.000357867
0.000358575
0.000422065
0.000357846
0.000360461
0.00035701
0.00035655
0.00039018
0.000358513
0.000358575
0.00035695
0.000355664
0.000357621
0.000358482
0.00035485
0.000353576
0.000355549
0.000356869
0.000389276
0.000355212
0.000356344
0.000361744
0.000358611
0.000356319
0.000356565
0.000357422
0.000355306
0.00035483
0.000355901
0.00040308
0.000357318
0.000356516
0.000356238
0.000356734
0.000355463
0.000356056
0.000356903
0.000357161
0.000358224
0.000354804
0.000358787
0.000357046
0.000355819
0.000356685
0.000358478
0.00035719
0.000355184
0.000356122
0.000356497
0.000355425
0.000356218
0.000396132
0.000356261
0.000357992
0.000355328
0.000356557
0.00035864
0.000357047
0.000355616
0.000356917
0.000358739
0.000356978
0.000357496
0.000373293
0.000359168
0.000357046
0.000355555
0.000355132
0.000357954
0.000356521
0.000356124
0.000357751
0.000356567
0.000355537
0.000392695
0.000356707
0.000359865
0.000371444
0.000358275
0.00035893
0.000356624
0.000357109
0.000356358
0.00035664
0.00035842
0.000356935
0.000358425
0.000355412
0.000357551
0.00035713
0.0003564
0.000355016
0.00035721
0.000357001
0.000356182
0.000356731
0.00035859
0.000357865
0.000355291
0.000354924
0.000357675
0.000356904
0.000356345
0.00035663
0.000357606
0.000355708
0.000356349
0.000395954
0.0003569
0.000355302
0.000357707
0.00035566
0.00035643
0.000356457
0.000355827
0.000357964
0.000357793
0.000356747
0.000358335
0.000355796
0.000356407
