0.00038545
0.000390732
0.000385479
0.000385283
0.000386911
0.000384509
0.000384224
0.000410838
0.000384151
0.000481411
0.00039668
0.000384851
0.000507487
0.000382442
0.000383724
0.00038449
0.000384551
0.00039399
0.000385704
0.000380601
0.000384344
0.000384023
0.000384153
0.000382454
0.000386618
0.000384523
0.000383707
0.000420139
0.000384179
0.000381961
0.000383565
0.000381756
0.000386788
0.000382073
0.000384912
0.000382117
0.00038363
0.000423951
0.00038376
0.000381277
0.000385001
0.000382982
0.000384431
0.000382254
0.000386668
0.000408983
0.000417256
0.000452823
0.000408264
0.000422496
0.000435673
0.00042439
0.000427608
0.000459393
0.000463699
0.000386049
0.000385055
0.000418496
0.000391252
0.000384492
0.000383647
0.000404301
0.000402893
0.000384209
0.000385814
0.00038462
0.000383657
0.000426533
0.000385869
0.000382302
0.000391673
0.000452866
0.000385441
0.000384591
0.000384615
0.000382843
0.000387028
0.000388747
0.000383929
0.000402115
0.000383807
0.000383153
0.000384793
0.0003842
0.000385426
0.000381657
0.00038558
0.000386699
0.000384913
0.000382284
0.000384218
0.000381698
0.000385521
0.000382624
0.000385602
0.000383866
0.000386098
0.000392256
0.000385314
0.000417235
0.000386403
0.000381384
0.000384718
0.000382874
0.000384695
0.00038167
0.000383262
0.000384596
0.000423882
0.000392285
0.000383473
0.000382304
0.000385163
0.000383299
0.000384827
0.000392837
0.000386141
0.000381027
0.000387554
0.000397848
0.000386426
0.000383265
0.00038623
0.000382559
0.000382539
0.00038126
0.000385353
0.00038655
0.00038735
0.000426414
0.000383193
0.000382407
0.000384131
0.000431699
0.00038367
0.000382907
0.000385604
0.000382251
0.00038525
0.000385106
0.000388893
0.000383193
0.000383121
0.000383565
0.000386027
0.000386073
0.000384554
0.000381072
0.000387657
0.000423422
0.000387559
0.000385542
0.000383961
0.00038506
0.000384165
0.0003916
0.000386721
0.000385196
0.000426573
0.000384014
0.000383199
0.000384663
0.000385721
0.000384141
0.000385937
0.00038258
0.000385061
0.000382435
0.000387878
0.000385035
0.000419053
0.000383223
0.00038655
0.000383568
0.000383765
0.000382886
0.000386323
0.000381129
0.00038408
0.000383213
0.000424761
0.000381903
0.000386496
0.000383276
0.000390029
0.000384462
0.000386323
0.00038445
0.000384283
0.000386048
0.000394192
0.00039634
0.000385839
0.000383311
0.000385967
0.000384849
0.000383466
0.000382572
0.000384589
0.000384807
0.000386051
0.000420538
0.000386896
0.000385438
0.000390559
0.00038343
0.000385641
0.000385772
0.000385304
0.000382762
0.000384496
0.000425034
0.000386605
0.000380623
0.00038466
0.000383975
0.000386674
0.000383837
0.000384053
0.000383218
0.000384016
0.00038483
0.000387926
0.000383844
0.00038517
0.000385283
0.000385337
0.000384031
0.000385404
0.000383001
0.000383874
0.000397389
0.000422182
0.00039245
0.000388283
0.000402322
0.000468789
0.000470592
0.000451418
0.000396022
0.000387787
0.00042741
0.000386667
0.000383802
0.000386114
0.000384163
0.000384156
0.000383221
0.000388895
0.000448069
0.00038668
0.000385593
0.000394988
0.00038407
0.000384551
0.000382516
0.000384641
0.000394201
0.000385143
0.000383151
0.000390997
0.00038488
0.000422568
0.000382217
0.000386548
0.000384387
0.000386674
0.000384736
0.000391495
0.000391111
0.000386252
0.000386483
0.000421667
0.000414452
0.00040083
0.000414161
0.000436526
0.000384143
0.000466217
0.000384927
0.000440515
0.000393381
0.000398209
0.000385254
0.000386938
0.000384317
0.000395828
0.000384093
0.000386509
0.000383771
0.00038519
0.000384133
0.000426339
0.000385013
0.000383859
0.000383242
0.000386693
0.000382724
0.000385337
0.000383248
0.000386503
0.000385878
0.000419703
0.000384928
0.000386038
0.000384371
0.000384722
0.00038284
0.000384537
0.00038393
0.000390693
0.000384189
0.000388154
0.000385935
0.000389795
0.000382791
0.000383161
0.000380696
0.000386049
0.000383385
0.000386525
0.000382599
0.000384824
0.000424422
0.00038947
0.000384137
0.000384943
0.00038268
0.000389484
0.000396625
0.000384398
0.000380843
0.000387574
0.000417679
0.000386292
0.000384753
0.000386318
0.000382521
0.000384385
0.000384152
0.000384656
0.000381131
0.000383723
0.000386455
0.000398265
0.000380753
0.000388395
0.000382676
0.000385984
0.000382499
0.000384384
0.000382065
0.000384533
0.000384681
0.000385687
0.000389946
0.000403645
0.000395569
0.00038908
0.000393343
0.000454519
0.000385272
0.000390092
0.000505734
0.000452815
0.000383216
0.000384326
0.000384134
0.00038525
0.000381805
0.000407191
0.000381954
0.000545374
0.000409393
0.000388823
0.000384531
0.000387064
0.000384392
0.000384581
0.00038447
0.000385455
0.000384352
0.000385094
0.000382379
0.000419859
0.000384155
0.000384558
0.000385296
0.00038353
0.000402577
0.000384625
0.000382698
0.000385738
0.000384092
0.000427289
0.000384443
0.000384399
0.000382105
0.000391951
0.000382244
0.000387588
0.000382642
0.000384168
0.000384581
0.000426999
0.000385336
0.000384624
0.000383833
0.00038632
0.000383941
0.000384287
0.000383627
0.000387458
0.000382611
0.000385612
0.000397095
0.000391707
0.000382657
0.000386625
0.000383509
0.000384757
0.000384578
0.000385552
0.000383299
0.000384651
0.000427839
0.000387949
0.000384187
0.000384483
0.000384571
0.000385046
0.000383607
0.000384739
0.000381447
0.000388086
0.000423379
0.000383575
0.00038235
0.000385746
0.000384833
0.000384869
0.000384069
0.000385521
0.000383037
0.000386777
0.000386201
0.000411668
0.000384076
0.000385173
0.000384424
0.000383952
0.000384342
0.000388982
0.000382679
0.000384398
0.00038331
0.000427331
0.000383278
0.000384053
0.000514699
0.000486885
0.000389654
0.000387727
0.000409473
0.000391444
0.000422449
0.00038501
0.000382846
0.000386183
0.000399308
0.00039176
0.000383728
0.000385783
0.000383171
0.000383252
0.000383443
0.000410211
0.000383828
0.000383667
0.000383024
0.000385938
0.000382913
0.000384507
0.000384066
0.000384856
0.000381559
0.000421869
0.000394336
0.000384569
0.000392272
0.000426148
0.00038796
0.000385339
0.000385563
0.000385842
0.000384762
0.000427329
0.00038556
0.000383655
0.000382111
0.000386009
0.000385096
0.000383396
0.000382092
0.000385225
0.000394979
0.000422414
0.000386062
0.000395184
0.000399614
0.000392776
0.000389411
0.000394575
0.000447767
0.000383241
0.000383132
0.000413117
0.00039576
0.000401023
0.000385286
0.000387903
0.000653646
0.000483023
0.00045083
0.000417952
0.000429245
0.000517811
0.000505847
0.000486891
0.00066843
0.000448967
0.000473208
0.00039253
0.000384413
0.000395913
0.000384596
0.000383413
0.000412569
0.000384894
0.000381478
0.000386681
0.000384454
0.000381977
0.000382849
0.000423802
0.000387955
0.000383236
0.000382593
0.00038851
0.000383341
0.000383324
0.000382467
0.000387349
0.000386046
0.000434102
0.000385831
0.000386583
0.000384083
0.000388394
0.000381715
0.000383707
0.000383885
0.000393855
0.00038728
0.000409888
0.00038294
0.000406759
0.000405411
0.000390772
0.000384222
0.000384138
0.000382527
0.000388821
0.000388313
0.000384021
0.000414191
0.000388116
0.000383416
0.000387693
0.000382866
0.000384571
0.000384399
0.000384049
0.000384267
0.000385166
0.000418904
0.00038732
0.000382193
0.000383431
0.000381886
0.000387133
0.00038659
0.000386257
0.000380487
0.000385213
0.000434532
0.000387072
0.000384694
0.000385144
0.000384934
0.000385701
0.000380064
0.000384866
0.000386069
0.000386689
0.000385856
0.000396579
0.000385368
0.000390231
0.000382963
0.000386393
0.000382645
0.000385398
0.000382445
0.000400031
0.000381965
0.000426828
0.000383054
0.000384541
0.000383856
0.000385544
0.000383169
0.000386716
0.00038472
0.000385779
0.000382315
0.000424063
0.000384023
0.000386436
0.000384258
0.000384732
0.000382085
0.000388071
0.000384815
0.000382636
0.000382936
0.000387428
0.000382925
0.000384331
0.000382321
0.000385471
0.000383813
0.000385991
0.000381717
0.000387346
0.000383884
0.000384776
0.000421289
0.00038676
0.000387699
0.00038401
0.000382753
0.000385137
0.000381644
0.00038489
0.000384322
0.000386562
0.000426037
0.000383571
0.000385146
0.000385043
0.000384658
0.000388637
0.000383943
0.000387082
0.000384136
0.000417911
0.000434325
0.00038717
0.000384205
0.000384372
0.000383075
0.00038524
0.000381898
0.000384053
0.000384396
0.000384246
0.000381899
0.000383485
0.000382076
0.00038617
0.000384025
0.000384546
0.000381191
0.000388064
0.000384061
0.000384801
0.000383842
0.000424313
0.000383613
0.000384886
0.000382261
0.000385932
0.000381335
0.000385754
0.000384413
0.00038352
0.000387449
0.000421504
0.000385303
0.000384148
0.000379577
0.000384466
0.000383952
0.000386153
0.000382196
0.000387497
0.000386075
0.000382715
0.000398223
0.000422632
0.000406327
0.000393067
0.000414459
0.000458964
0.00047248
0.000409133
0.000393672
0.00040181
0.000398572
0.000404896
0.000395771
0.000387369
0.000390839
0.000385469
0.000382744
0.000383728
0.000383982
0.000396675
0.000385209
0.000400594
0.000382906
0.00038936
0.000403465
0.000384753
0.000383378
0.000386714
0.000382383
0.000385915
0.000384821
0.000385022
0.000383766
0.000384838
0.000385777
0.00038476
0.000382829
0.000385384
0.000384871
0.000384905
0.000386484
0.000385331
0.000388104
0.00038483
0.000384025
0.000396944
0.000414676
0.000428015
0.000401642
0.000424106
0.000449765
0.000418561
0.000412488
0.000445508
0.000476415
0.000389623
0.000387959
0.000384839
0.000402214
0.000422512
0.000386104
0.000387502
0.000383107
0.000384069
0.00038332
0.000384347
0.000388859
0.000395633
0.000528425
0.000384439
0.000385058
0.000386919
0.000385134
0.00038443
0.000382039
0.000386672
0.000421116
0.000384629
0.000388152
0.00038892
0.000386637
0.000427183
0.000414815
0.000441682
0.000446684
0.00040461
0.000392371
0.000385046
0.000381741
0.00038728
0.000384974
0.000386198
0.000386176
0.000398517
0.000390435
0.000385946
0.000384857
0.000384492
0.000383354
0.000386684
0.00038862
0.000385028
0.000384696
0.000387221
0.000381801
0.000384652
0.000383219
0.000386531
0.000383334
0.000383264
0.000386991
0.000395603
0.000384029
0.000384567
0.00038422
0.000385164
0.000383384
0.000386064
0.00038476
0.000386877
0.000384981
0.000385818
0.000384291
0.000384553
0.000384233
0.000388432
0.000384017
0.000385061
0.000382061
0.000386626
0.00038396
0.000388995
0.000383785
0.000386619
0.000382749
0.000385072
0.000387373
0.000384326
0.00038431
0.000384973
0.000384142
0.000384728
0.000386409
0.000383167
0.000383279
0.000384815
0.000383504
0.00038495
0.000382937
0.000385158
0.000384898
0.000388674
0.000385007
0.000387067
0.000385357
0.000383926
0.00038451
0.000384043
0.00038174
0.000392359
0.000383464
0.000385632
0.00038764
0.00038582
0.000383106
0.000384862
0.000383218
0.000386522
0.000385186
0.000382057
0.000383984
0.000384212
0.000382158
0.000385185
0.000385891
0.000386362
0.000384853
0.000384162
0.000383821
0.000386789
0.000379347
0.000385806
0.000384848
0.000388088
0.000384094
0.000385217
0.00038514
0.00038686
0.000386432
0.000383343
0.000383637
0.000386376
0.000382634
0.000385914
0.000383542
0.00038948
0.000386407
0.000384188
0.000386017
0.000383347
0.000383834
0.000384801
0.000384692
0.000385834
0.000385211
0.000384703
0.000382801
0.000386023
0.000381328
0.00038519
0.000384187
0.000383727
0.000383795
0.000383661
0.000386014
0.000385111
0.000381412
0.000384823
0.000386019
0.000388389
0.000385145
0.000387459
0.000385802
0.000383063
0.000382833
0.0003841
0.000386401
0.000387915
0.000384696
0.000385245
0.000381774
0.000386488
0.000384306
0.000383596
0.000383335
0.000386521
0.000384302
0.000384902
0.000383295
0.000384978
0.000384404
0.000383875
0.000382846
0.000386476
0.000384047
0.000385038
0.000388867
0.000404277
0.000383938
0.000385818
0.000383823
0.000385619
0.000382977
0.000386941
0.000384434
0.00038658
0.000382625
0.00038831
0.000382328
0.000386141
0.000382361
0.000384069
0.000384636
0.000387795
0.000396359
0.000383241
0.000433252
0.000387007
0.000383427
0.000384699
0.000384326
0.000384545
0.000381581
0.000383477
0.000384356
0.000384394
0.00041754
0.000389699
0.000382875
0.000384836
0.000382892
0.000385693
0.000384681
0.000388123
0.000385963
0.000384149
0.000381806
0.00041828
0.000382468
0.000383948
0.000383094
