0.000406839
0.000412846
0.000409422
0.000411226
0.00036916
0.000362094
0.000361755
0.000362655
0.00036292
0.000362119
0.000362213
0.000363158
0.000367172
0.000411843
0.00036919
0.000397656
0.000366659
0.000362181
0.000363324
0.000360636
0.000368529
0.000367076
0.000362674
0.00036201
0.000413244
0.000364726
0.000362311
0.000360528
0.000364886
0.00036299
0.000362868
0.000361074
0.000363763
0.000362042
0.00037582
0.00040243
0.00036218
0.000368646
0.000362201
0.000360417
0.000362358
0.00036209
0.000363775
0.000361846
0.000364625
0.000362833
0.000398423
0.000360563
0.000363353
0.000363496
0.00036257
0.000360258
0.000363878
0.000367592
0.000362715
0.000362623
0.00036339
0.000404582
0.000361631
0.000363409
0.000363153
0.000362701
0.000369761
0.000361544
0.000362067
0.00036203
0.000361508
0.000360353
0.000365595
0.000363596
0.000363663
0.000362153
0.000374839
0.000365604
0.000362574
0.000360795
0.00036225
0.000362244
0.000365164
0.000398855
0.000363623
0.000363849
0.000362429
0.000361118
0.000361911
0.000362176
0.000362179
0.000362468
0.0003635
0.000360697
0.000381141
0.00036405
0.00036306
0.000364836
0.000360812
0.000362925
0.000361446
0.000363019
0.000361888
0.000361287
0.000363402
0.000383445
0.000367301
0.00036022
0.000359945
0.000361889
0.00036218
0.000359887
0.00036289
0.000370161
0.000376777
0.000389342
0.000364404
0.000364698
0.000362542
0.000363218
0.000363654
0.000362191
0.000361177
0.000362093
0.000362034
0.000360545
0.000383393
0.000363573
0.000361563
0.00036154
0.000360811
0.000362028
0.000436545
0.000439891
0.000387576
0.000363643
0.000363717
0.000396556
0.000363009
0.000362564
0.000363718
0.000362403
0.000361312
0.000361361
0.000361726
0.000362076
0.000362919
0.000362087
0.000363766
0.000362122
0.000361816
0.000362987
0.000364551
0.000365328
0.000363635
0.000363138
0.000363844
0.000362225
0.000361195
0.000361983
0.000363347
0.000365261
0.000361032
0.000364605
0.000361127
0.000361939
0.000361721
0.00036262
0.00036389
0.000364198
0.000362366
0.000363307
0.000363269
0.000364362
0.00036163
0.000362063
0.000362131
0.000363544
0.000362087
0.000360377
0.000363167
0.000363636
0.000365287
0.000361647
0.000362037
0.000361825
0.000363838
0.000364993
0.000363942
0.000365594
0.000362629
0.000360839
0.000405127
0.000363192
0.000361529
0.000360696
0.000361585
0.000361186
0.000361986
0.000360486
0.000361872
0.000363563
0.000363868
0.000403327
0.000361849
0.000362884
0.000362266
0.000362754
0.000365941
0.000362158
0.000363347
0.000362391
0.000361953
0.000367632
0.000362061
0.00036337
0.000363318
0.000362304
0.00036247
0.000363594
0.000362362
0.000360811
0.000363517
0.000361148
0.000363955
0.000389813
0.000366629
0.000376446
0.000366319
0.000361879
0.000361402
0.000360931
0.000364739
0.000362683
0.000364818
0.000360902
0.000363501
0.000362481
0.000361713
0.000360924
0.000362469
0.000361007
0.000360963
0.000362097
0.00036604
0.000362039
0.000363852
0.000390344
0.000363609
0.000362772
0.000361123
0.000362686
0.000361259
0.000361018
0.000364451
0.0003615
0.000362353
0.000363635
0.000361925
0.000363368
0.000362502
0.000362207
0.000363328
0.000362508
0.000362399
0.000363454
0.000362369
0.000361945
0.000363698
0.0004007
0.000363442
0.000360497
0.000362994
0.000362168
0.000360908
0.000361128
0.000361862
0.000361514
0.000361947
0.000361745
0.000362894
0.000379671
0.000406631
0.000392116
0.000453254
0.000372297
0.000376251
0.000381816
0.000392963
0.000404915
0.000424329
0.00040047
0.00057882
0.000362566
0.000363003
0.000367987
0.000363004
0.000362501
0.000362383
0.000361448
0.000403862
0.000371285
0.000715004
0.000438759
0.000441178
0.000430972
0.000361901
0.00036244
0.00036165
0.000409239
0.00036186
0.000363837
0.000361941
0.000362032
0.000363478
0.000362478
0.000363346
0.00037896
0.000457979
0.000571041
0.000362224
0.000364665
0.000363018
0.000364571
0.00036261
0.000360239
0.000361761
0.00036185
0.000362608
0.000362621
0.000396525
0.000361936
0.000362119
0.000384047
0.000363486
0.000362226
0.000363932
0.000427555
0.000388774
0.00036379
0.000364991
0.000393711
0.000363161
0.000361137
0.000363132
0.000361664
0.000361952
0.000362074
0.000362351
0.000360659
0.000382304
0.000362137
0.000362362
0.00036297
0.000377124
0.000361785
0.000366241
0.000363046
0.000360912
0.000361636
0.000363697
0.000360766
0.000364907
0.00036255
0.000364047
0.000361649
0.000361989
0.000362031
0.000363437
0.000361395
0.000362069
0.000363951
0.000372419
0.000371353
0.000444442
0.000370509
0.000364904
0.000361724
0.000360804
0.000361366
0.000362482
0.000363453
0.000551725
0.000437524
0.000428441
0.000361689
0.000366415
0.000365393
0.00036618
0.000364514
0.000361505
0.000361529
0.000363178
0.000595655
0.000397288
0.000361304
0.000364001
0.000360012
0.000362464
0.00036255
0.00037082
0.000364899
0.000360884
0.000361541
0.000362629
0.000403675
0.000361467
0.000360424
0.000362196
0.000361005
0.000361685
0.000362887
0.000363004
0.000360981
0.00036184
0.00036306
0.000363527
0.000361487
0.000363401
0.00036253
0.000362946
0.000362966
0.000362311
0.000360817
0.000364363
0.000361547
0.000362559
0.000361066
0.000362893
0.000364776
0.000362987
0.000365717
0.000363922
0.000363408
0.000362814
0.000361025
0.000365243
0.000362575
0.000402134
0.000362323
0.000365836
0.000363183
0.000361997
0.000360406
0.000364476
0.000362021
0.000362934
0.000362167
0.000364447
0.000363858
0.000363613
0.000360751
0.000364297
0.000360924
0.00036252
0.00036455
0.000362777
0.000362921
0.000366113
0.000359872
0.000361952
0.000360971
0.000362329
0.000361723
0.000360994
0.000361077
0.00036071
0.000361343
0.000362371
0.000367176
0.000362742
0.000360042
0.000363873
0.000361705
0.000361836
0.000360913
0.000361526
0.000361736
0.000363451
0.000361964
0.000362311
0.000363034
0.00036194
0.000363504
0.000362296
0.000360579
0.000362091
0.000360813
0.000365342
0.000363598
0.000360626
0.000360353
0.000363306
0.00036483
0.000361986
0.000361537
0.000361911
0.000361744
0.000361217
0.000362415
0.000361246
0.000362
0.000361908
0.000361285
0.000365294
0.000360992
0.000362474
0.000362466
0.000363319
0.000361271
0.000362362
0.000362018
0.000362525
0.000362092
0.00036173
0.000363061
0.000362283
0.000361793
0.000362475
0.000360841
0.000363719
0.000362225
0.000362559
0.000361299
0.000361825
0.000364324
0.000363499
0.000361491
0.000361977
0.000361835
0.0003614
0.000360904
0.000361999
0.000361849
0.000361733
0.000362352
0.000362084
0.000363071
0.000366149
0.000360719
0.000362489
0.00036335
0.000361677
0.000361148
0.000362377
0.000362873
0.000361812
0.000360195
0.000363618
0.000362571
0.000362167
0.000360487
0.00036459
0.00036135
0.000361802
0.000361205
0.000363912
0.000362745
0.00036393
0.000362132
0.00036515
0.000362282
0.000362149
0.000361484
0.000362017
0.000362252
0.000362578
0.000360087
0.000363215
0.000362742
0.000403048
0.000361871
0.00036247
0.000361428
0.000364101
0.00036227
0.000361052
0.000361508
0.00036196
0.00036136
0.000364657
0.000364154
0.000362224
0.00036289
0.00036492
0.000362822
0.00036119
0.00036099
0.000362151
0.00036249
0.000360461
0.000360943
0.000404179
0.000361574
0.000362782
0.000363597
0.000362277
0.00036239
0.000362825
0.000361085
0.000360792
0.000362768
0.000363131
0.00036402
0.000362685
0.000362964
0.000362331
0.000362252
0.000363765
0.000363195
0.000362675
0.000362192
0.000363607
0.000360577
0.000365647
0.000360468
0.000366434
0.000363282
0.000360388
0.000362888
0.000364939
0.000363334
0.000362514
0.000361651
0.000365077
0.000363873
0.00036325
0.000390511
0.00036499
0.000361384
0.000362504
0.00036174
0.000362501
0.00036295
0.000361123
0.00036183
0.00036204
0.000360347
0.000362819
0.000359778
0.00036365
0.000368086
0.000362492
0.000360393
0.000362178
0.00036379
0.000361627
0.000363604
0.000364263
0.000362959
0.000366963
0.000363107
0.00036176
0.000363174
0.000362244
0.000360821
0.000360175
0.000361635
0.000363506
0.000362882
0.000367218
0.000364233
0.000362801
0.000363799
0.000362922
0.000369712
0.000366492
0.000362114
0.000364353
0.000365492
0.000361351
0.0003631
0.000361509
0.000362222
0.00036413
0.000360815
0.000361388
0.000361299
0.00036001
0.000451935
0.000394112
0.00036348
0.000362418
0.000363616
0.000361967
0.000362617
0.00036229
0.000360733
0.000361956
0.000361092
0.000364066
0.000391267
0.000361499
0.000364203
0.000362537
0.000363061
0.000362784
0.000363007
0.000364544
0.000360244
0.000361686
0.000362841
0.000361494
0.000363829
0.000361876
0.000362361
0.000361481
0.000361813
0.000362235
0.000363788
0.00036183
0.000360972
0.00036155
0.000361322
0.00036369
0.000362496
0.000365383
0.000366081
0.000362759
0.000360407
0.000363147
0.000361378
0.000362292
0.000362177
0.000362199
0.00036196
0.000361738
0.000360863
0.000362475
0.000363407
0.000381556
0.000405097
0.00038214
0.000499321
0.000566032
0.000533934
0.000401275
0.000399627
0.000440707
0.000603492
0.000363673
0.000362048
0.000360601
0.000403846
0.00036333
0.000362853
0.000362
0.000362485
0.000363804
0.000361805
0.000363278
0.00036251
0.000381279
0.000460785
0.000391606
0.000364719
0.000362729
0.000361771
0.000362564
0.000360226
0.000361259
0.000360581
0.000360733
0.000361106
0.000362287
0.000394838
0.000361907
0.000361826
0.000376009
0.000364262
0.000360959
0.000371186
0.000363908
0.000362273
0.000361943
0.000361131
0.000364427
0.000363769
0.00036262
0.000362341
0.000362631
0.000361491
0.000361389
0.000360678
0.000363617
0.000363545
0.000361034
0.000369462
0.000361098
0.000361516
0.000364687
0.000361873
0.000364661
0.000362624
0.000363301
0.000360411
0.00036225
0.000362013
0.000363106
0.000360879
0.000362836
0.000363063
0.000360983
0.000360398
0.000363722
0.000365127
0.000360805
0.000364039
0.00036314
0.000392946
0.000363247
0.000361582
0.000363821
0.00036206
0.000362302
0.000361704
0.000362731
0.000364236
0.000362083
0.00036141
0.000363699
0.000363625
0.000361082
0.000361692
0.000364946
0.000362491
0.000362206
0.00036154
0.000362728
0.000363221
0.000362131
0.000360976
0.000361903
0.000363025
0.000363248
0.000362178
0.000365042
0.000362201
0.000361336
0.000361905
0.000363729
0.000361439
0.000363394
0.000360443
0.000362729
0.000363154
0.000361644
0.000363217
0.000364595
0.000363268
0.000360583
0.000360703
0.00036345
0.000363213
0.000362158
0.0003618
0.000361671
0.000363119
0.0003615
0.000361269
0.000361738
0.000362114
0.000361973
0.000361091
0.000364958
0.000363644
0.00036149
0.000364512
0.000363677
0.000361857
0.000363156
0.000361962
0.000363111
0.000362773
0.000362813
0.000362227
0.000363531
0.000361572
0.000361333
0.000362312
0.000362222
0.000362337
0.000361847
0.00036221
0.000364098
0.000362446
0.00036404
0.000361017
0.000363851
0.00036217
0.000364717
0.000361047
0.000363723
0.000362025
0.000361885
0.000361115
0.000364317
0.000362977
0.000363103
0.000361179
0.000362101
0.000362085
0.000361886
0.000360831
0.000363087
0.000365069
0.000362932
0.000362394
0.000363607
0.000363155
0.000361043
0.000360718
0.000364988
0.00036238
0.000363377
0.000362033
0.000362407
0.000363039
0.000362466
0.000361166
0.000361991
0.000361415
0.000362461
0.000360159
0.000364052
0.000362658
0.000362314
0.000360344
0.000362216
0.000361464
0.000362107
0.000360887
0.000362603
0.000368417
0.000360332
0.000363785
0.000362163
0.000359684
0.000362676
0.000360394
0.000362749
0.000368679
0.000361865
0.000362383
0.000362835
0.000362516
0.000361985
0.000361344
0.000362854
0.000361014
0.000362266
0.000363426
0.000364044
0.000363263
0.000360835
0.000360656
0.000364473
0.000361152
0.000361608
0.000362103
0.000365164
0.000362319
0.000362138
0.000394945
0.00036246
0.000362567
0.000363223
0.000362219
0.000363688
0.000361849
0.000361566
0.000361445
0.000362457
0.000360181
0.000362205
0.000361488
0.00036167
0.000360698
0.000361434
0.000361035
0.000362088
0.000361662
0.000362702
0.000362785
0.000363178
0.000364983
0.000362729
0.000361852
0.000362636
0.000363262
0.000361997
0.000361842
0.000362566
0.000364114
0.000361905
0.00036324
0.000364348
0.000361747
0.00036221
0.00036251
0.000365174
0.000365569
0.000362344
0.000364216
