0.000359772
0.000360702
0.000358972
0.000357479
0.000358086
0.000357615
0.000355599
0.000359614
0.000369476
0.000362353
0.000360107
0.000361243
0.000361346
0.000357404
0.000358282
0.000365334
0.000358511
0.000358686
0.000358076
0.000356255
0.00036025
0.000357459
0.000356523
0.000357325
0.000357947
0.000356752
0.00035876
0.000359058
0.000356059
0.000356863
0.000358537
0.000357453
0.000357676
0.000356095
0.000357358
0.000357308
0.000356532
0.000357582
0.000356728
0.000388527
0.000392158
0.000388975
0.00039417
0.000403376
0.000413063
0.000390076
0.000390969
0.000707373
0.000375897
0.000372438
0.000357952
0.000357379
0.000363971
0.000365743
0.000427381
0.000356802
0.000359989
0.000356343
0.000357933
0.000355788
0.000357432
0.00035994
0.000362746
0.000356714
0.000365823
0.000359663
0.000356657
0.000362077
0.000358122
0.000367704
0.000357012
0.000356012
0.000359669
0.000357057
0.000356119
0.000356917
0.000358603
0.000356246
0.000357119
0.000356946
0.000358425
0.000355956
0.000355254
0.000356301
0.000364512
0.000357439
0.000358122
0.000362624
0.000360019
0.000355761
0.000356739
0.000354956
0.000365364
0.000357845
0.000357953
0.000356012
0.000356992
0.000356699
0.000357016
0.000360083
0.000356934
0.000356848
0.000355198
0.000357196
0.000355902
0.000356376
0.000363738
0.000355827
0.00035894
0.000355953
0.000360118
0.0003553
0.000358096
0.000358317
0.000356474
0.000354326
0.000355328
0.000356286
0.000355663
0.000356792
0.000359362
0.000357141
0.000413509
0.000393461
0.000377357
0.000366689
0.000357525
0.000355744
0.000357756
0.000359547
0.000359368
0.000357227
0.000362179
0.000357315
0.000358157
0.000357272
0.000362823
0.000356997
0.000355974
0.000355443
0.000357631
0.000359631
0.000357827
0.000355995
0.000385341
0.00035913
0.000355689
0.000356231
0.000357669
0.000356443
0.000357104
0.000355722
0.000355995
0.000356705
0.000357538
0.00039743
0.000357559
0.00035644
0.000358038
0.00035537
0.00035799
0.000357103
0.000358047
0.000357129
0.000361847
0.000355886
0.000399194
0.000356846
0.000357373
0.000356102
0.000354828
0.000356469
0.000358669
0.000356046
0.000355691
0.000354958
0.000355174
0.000395643
0.00035717
0.000357125
0.000359998
0.000357378
0.000357041
0.000359762
0.000356294
0.000356475
0.00035584
0.000354221
0.000398194
0.000358082
0.000356747
0.000356648
0.000357649
0.000355803
0.00035712
0.000355829
0.000357587
0.000357238
0.000356333
0.000356788
0.00035463
0.000359505
0.000355709
0.000355746
0.000358068
0.000355586
0.000356442
0.000354487
0.000357336
0.000356917
0.00039448
0.000355521
0.000363174
0.000357697
0.00035503
0.000357386
0.000356664
0.00035709
0.000355342
0.000354427
0.000357619
0.000360445
0.000360387
0.000355073
0.000356477
0.000357056
0.000357343
0.000355261
0.000358869
0.000355149
0.000355334
0.000357412
0.000356783
0.000357473
0.000356579
0.000355426
0.000357165
0.000359343
0.000356654
0.000355942
0.000356436
0.000359802
0.000356185
0.000357666
0.00039124
0.000358075
0.000356454
0.000353994
0.000358333
0.000355904
0.00035705
0.000355082
0.00035805
0.000354309
0.000358097
0.00035565
0.000357645
0.000356935
0.000356532
0.000353773
0.000358016
0.000358087
0.000358687
0.000356545
0.000357263
0.000356772
0.000359319
0.000358467
0.000357207
0.000357161
0.000357673
0.00035505
0.000357412
0.000355599
0.00035783
0.000358058
0.000357831
0.000359523
0.00035732
0.000356374
0.000360167
0.000356552
0.000355453
0.000355439
0.000358923
0.00035481
0.000357317
0.000354762
0.000358079
0.000357192
0.000355786
0.000357028
0.000358784
0.000357432
0.000375048
0.000358494
0.000356319
0.0003575
0.000355987
0.000357419
0.000365883
0.000356344
0.000359982
0.000355751
0.000357103
0.000356148
0.000359861
0.000357031
0.000358049
0.000359098
0.000355533
0.000390561
0.000358588
0.000356756
0.000355903
0.000354521
0.000360719
0.00035674
0.000355322
0.000357913
0.000355591
0.000360242
0.000396785
0.000356223
0.000356949
0.000355812
0.000359695
0.000355854
0.000357902
0.000357621
0.00035742
0.000355372
0.000358719
0.000359713
0.000356424
0.000357277
0.000355806
0.000355959
0.000360162
0.000358166
0.000356412
0.000356415
0.00035916
0.000356567
0.000356895
0.000356207
0.000357526
0.000355527
0.000358202
0.000354339
0.000355983
0.000356334
0.000355675
0.000359113
0.000361019
0.000357947
0.000357972
0.000356671
0.000356713
0.00035831
0.000357521
0.000358774
0.000356111
0.000356956
0.000356815
0.000355667
0.000356349
0.000358387
0.000356836
0.000355968
0.000356968
0.000357699
0.000357964
0.000358155
0.0003573
0.000356155
0.000357883
0.00036131
0.000381879
0.000357299
0.000357689
0.000356586
0.000362525
0.000355807
0.000357989
0.000357736
0.000356046
0.000355928
0.000356092
0.000415633
0.000375898
0.000358559
0.000359184
0.000354975
0.000355725
0.000356273
0.000365493
0.000357806
0.000357466
0.000354507
0.000358253
0.000357301
0.000358783
0.00035771
0.000355706
0.000355654
0.000357298
0.000355611
0.000359721
0.00035568
0.000357311
0.000358455
0.000357937
0.000355041
0.000369084
0.000384533
0.000378443
0.000355926
0.000356565
0.000355565
0.000358307
0.000358265
0.000393353
0.000390799
0.000356253
0.000428191
0.00035979
0.000389896
0.000358602
0.000357323
0.000355716
0.000354827
0.000359103
0.000387411
0.000510375
0.000356604
0.000356292
0.000356597
0.000355289
0.000354745
0.000355788
0.000356933
0.000357954
0.000394639
0.000374491
0.000371682
0.000467722
0.000509429
0.000551656
0.000512243
0.000448058
0.000448876
0.000399503
0.000355783
0.000364166
0.000355712
0.000356633
0.000355626
0.000356431
0.000354032
0.00035639
0.000354015
0.000356215
0.000404256
0.000356746
0.000356208
0.000356805
0.000356286
0.000359264
0.000355172
0.000381996
0.000353522
0.000355911
0.000356989
0.000411755
0.000354483
0.000355349
0.000355482
0.000356206
0.000355565
0.00035704
0.000357299
0.000353832
0.000356096
0.000357033
0.000394368
0.000369455
0.000356309
0.000357988
0.000454902
0.000356493
0.000353852
0.000358161
0.000354828
0.000362612
0.00035571
0.000417734
0.000356652
0.000355116
0.000356497
0.000358666
0.000356142
0.000354792
0.000356538
0.000354885
0.000355238
0.000356531
0.000391556
0.000410546
0.00035639
0.000444442
0.000354792
0.000354807
0.000356372
0.000356098
0.000354397
0.000357104
0.000353439
0.000407037
0.000356336
0.000355939
0.000358087
0.000356393
0.000354933
0.000356539
0.000357772
0.000355132
0.000384747
0.00035682
0.000392691
0.000355852
0.000355236
0.000357303
0.000356866
0.000356163
0.000357357
0.000356852
0.000356131
0.000354246
0.000356031
0.000394957
0.000357468
0.000365607
0.000354688
0.000357306
0.000355488
0.000417969
0.000355139
0.000357762
0.000355127
0.000355728
0.000410247
0.000356051
0.000355666
0.000355466
0.000357559
0.000355224
0.000355848
0.000361
0.000354692
0.00043128
0.000356596
0.000357825
0.000355571
0.000357629
0.000456292
0.000414746
0.000600667
0.00056457
0.000422802
0.000354841
0.000402704
0.000357357
0.000355996
0.000355157
0.000355185
0.000355594
0.000354881
0.000355579
0.000356124
0.000356857
0.000357245
0.000428833
0.000388109
0.000356745
0.00035684
0.000355042
0.000522471
0.000357556
0.000354036
0.0003568
0.000354863
0.00035854
0.000382792
0.000358489
0.000353525
0.000355145
0.000355245
0.00035689
0.000357117
0.00035603
0.000389269
0.000381497
0.000355265
0.000384153
0.000355303
0.000356732
0.000353456
0.000357282
0.000356895
0.000356127
0.000354955
0.000357834
0.000354049
0.000358031
0.000397935
0.000356695
0.000358031
0.000363472
0.000376551
0.000424966
0.000357332
0.000355434
0.000353135
0.000356744
0.000356062
0.000394744
0.000354526
0.000356576
0.000356181
0.000354291
0.000355256
0.000357349
0.000353847
0.000354229
0.000356087
0.000357848
0.000410284
0.000356153
0.000356436
0.000381042
0.000355489
0.000357012
0.000398812
0.000356364
0.000355495
0.000356933
0.000354372
0.000403164
0.000357027
0.000356382
0.000356187
0.000355104
0.000356431
0.00035457
0.000353172
0.000356785
0.000354883
0.00038713
0.000393742
0.000355462
0.000354761
0.00035566
0.000353291
0.000359307
0.000356463
0.000355146
0.000353565
0.000355551
0.000356224
0.000409015
0.000355915
0.000356878
0.000356197
0.000355887
0.00035586
0.000357903
0.00035555
0.000385382
0.000355945
0.000355237
0.000395819
0.00035597
0.000353398
0.000367541
0.000355249
0.000355296
0.000356377
0.000355933
0.000358499
0.00035607
0.000355246
0.00035913
0.000358897
0.000356621
0.000356024
0.000357307
0.000363665
0.000358202
0.000355836
0.000363145
0.000358708
0.000357422
0.000358815
0.000359804
0.000356728
0.00035553
0.000354673
0.000358884
0.000355551
0.000355151
0.000355166
0.000357028
0.000359008
0.000357818
0.000356289
0.000359483
0.000356647
0.000357303
0.000356039
0.000356443
0.000357215
0.000356794
0.000354902
0.000357329
0.000358565
0.000381648
0.000393525
0.000389741
0.000378631
0.000389918
0.000408053
0.000415181
0.000384844
0.00039228
0.000468571
0.000606078
0.000357142
0.00036516
0.000554308
0.000358933
0.000359248
0.000358289
0.000358286
0.000355921
0.000359269
0.000381989
0.000356658
0.000361891
0.000355773
0.000360902
0.000358413
0.000364994
0.000372353
0.000356781
0.00035723
0.000357498
0.000390041
0.000358218
0.00035647
0.000357503
0.000356209
0.00035734
0.00035635
0.000359217
0.000357076
0.000355178
0.000355224
0.000393621
0.000362291
0.000356257
0.000355125
0.000367516
0.000358737
0.000360291
0.000356961
0.000355174
0.000357935
0.000355858
0.000398268
0.00035766
0.000356649
0.000357593
0.00035587
0.000357606
0.000358416
0.000356507
0.000355707
0.00035739
0.00035642
0.000359142
0.000363409
0.00035838
0.000357702
0.000356714
0.000354357
0.000356883
0.000355822
0.000355335
0.000355511
0.000357986
0.000396412
0.000357283
0.000354865
0.00035675
0.000356072
0.000355724
0.000356002
0.000356555
0.000356949
0.000363436
0.000356958
0.000408082
0.000357464
0.000357877
0.000355504
0.000355601
0.000357726
0.000356948
0.000355597
0.000356273
0.000356589
0.000357274
0.000357455
0.000356454
0.000357063
0.000354722
0.000360216
0.000358723
0.000357567
0.000362361
0.000354238
0.000357511
0.000357264
0.000359582
0.000356157
0.000357966
0.000355157
0.00035759
0.000360446
0.000356825
0.00035706
0.000355809
0.000356208
0.000358823
0.000358651
0.000378247
0.000356233
0.000356477
0.000359766
0.000355971
0.000355517
0.000358019
0.000355605
0.000357659
0.000355844
0.000355136
0.000381051
0.000359725
0.000355103
0.000357422
0.00035516
0.000356369
0.000354952
0.000358617
0.000355438
0.000356698
0.000355058
0.000357564
0.000359668
0.000357585
0.000355658
0.000357362
0.000355887
0.000357567
0.000355549
0.000357096
0.000357367
0.000356168
0.000357342
0.0003588
0.000354909
0.000356241
0.000356538
0.000357455
0.000356275
0.000357432
0.000357248
0.000360659
0.000357521
0.00035707
0.000355564
0.000357863
0.000356881
0.000355488
0.000354728
0.000357573
0.000356331
0.000357782
0.0003555
0.000355794
0.000355412
0.00035588
0.000356092
0.000356939
0.000356437
0.000356496
0.000357447
0.000355974
0.000355885
0.000357832
0.000355069
0.00035767
0.000356912
0.000354159
0.000354496
0.000357098
0.000357287
0.000358305
0.000356945
0.000368435
0.000357666
0.000357998
0.000356086
0.000356927
0.000357121
0.000354863
0.000359276
0.000357488
0.000355998
0.000355583
0.000356467
0.000357498
0.000357014
0.000354642
0.000388366
0.000358199
0.000355713
0.0003585
0.000356811
0.000357053
0.000356878
0.000356222
0.000357491
0.000356632
0.000357161
0.000361579
0.000356978
0.000357506
0.000357504
0.00035575
0.00035865
0.00035774
0.000354482
0.000355978
0.000357413
0.000358278
0.000406893
0.000357553
0.000353989
0.000357906
0.000356804
0.000355025
0.000355241
0.000358048
0.00035664
0.000357252
0.000354992
0.000386016
0.000360671
0.000355359
0.000355116
0.000359681
0.000357591
0.000354881
0.000356353
0.000356755
0.000356677
0.000376394
0.00035888
0.000365087
0.00035849
0.000356698
0.000355803
0.000355867
0.000361097
0.0003559
0.000356495
0.000357542
0.000356847
0.000357976
0.000391311
0.000357835
0.000354282
0.000356205
0.000356077
0.00035577
0.000354704
0.000357504
0.000357737
